Acropora_digitifera_6722	tr|A7RVJ3|A7RVJ3_NEMVE	48.432	287	120	5	10	271	82	365	5.52e-83	264
Acropora_millepora_1944	tr|A0A146XIU0|A0A146XIU0_FUNHE	27.811	169	110	6	27	192	185	344	5.15e-11	70.5
Acropora_millepora_13064	tr|A0A1S3HAL0|A0A1S3HAL0_LINUN	28.415	183	115	6	321	495	40	214	6.54e-12	80.5
Acropora_millepora_15070	tr|A0A1S3K4Q9|A0A1S3K4Q9_LINUN	51.335	674	301	12	14	666	9446	10113	0.0	629
Acropora_millepora_15070	tr|A0A1S3K4Q9|A0A1S3K4Q9_LINUN	47.005	651	262	22	81	665	9605	10238	3.24e-138	457
Acropora_millepora_15070	tr|A0A1S3K4Q9|A0A1S3K4Q9_LINUN	44.891	597	283	25	102	666	10443	11025	6.80e-110	375
Acropora_millepora_15070	tr|A0A1S3K4Q9|A0A1S3K4Q9_LINUN	45.139	576	282	19	100	652	10576	11140	1.41e-108	371
Acropora_millepora_15070	tr|A0A1S3K4Q9|A0A1S3K4Q9_LINUN	40.065	619	282	26	68	666	10215	10764	2.31e-88	312
Acropora_millepora_15070	tr|A0A1S3K4Q9|A0A1S3K4Q9_LINUN	42.940	517	257	22	172	665	10132	10633	2.35e-81	291
Acropora_millepora_15070	tr|A0A1S3K4Q9|A0A1S3K4Q9_LINUN	37.523	549	253	26	70	549	10641	11168	1.30e-66	248
Acropora_millepora_15070	tr|A0A1S3K4Q9|A0A1S3K4Q9_LINUN	47.273	55	25	3	575	627	15172	15224	3.6	42.0
Pocillopora_damicornis_19775	tr|A7SY87|A7SY87_NEMVE	71.711	152	43	0	26	177	108	259	1.92e-75	236
Porites_lobata_1679	tr|A0A0R4IFG0|A0A0R4IFG0_DANRE	34.339	431	265	8	2	430	295	709	1.02e-65	237
Seriatopora_sp_3101	tr|C3ZN82|C3ZN82_BRAFL	28.994	338	205	7	79	395	773	1096	1.22e-34	146
Seriatopora_sp_31163	tr|T2MBZ0|T2MBZ0_HYDVU	44.872	234	126	3	1	232	2274	2506	8.16e-62	218
Seriatopora_sp_31163	tr|T2MBZ0|T2MBZ0_HYDVU	26.087	230	118	7	2	229	2217	2396	4.58e-09	66.2
Seriatopora_sp_31163	tr|T2MBZ0|T2MBZ0_HYDVU	38.710	62	38	0	1	62	2158	2219	0.001	50.1
Seriatopora_sp_31163	tr|T2MBZ0|T2MBZ0_HYDVU	33.898	59	39	0	3	61	559	617	0.24	43.1
Stylophora_pistillata_13596	tr|A7SUN7|A7SUN7_NEMVE	48.837	215	104	4	1	212	550	761	4.60e-58	214
Stylophora_pistillata_13596	tr|A7SUN7|A7SUN7_NEMVE	51.049	143	69	1	302	444	807	948	1.01e-37	156
