BC_7969249_1_2_3_4	Acropora_digitifera_6722	38.462	39	23	1	5	118	176	214	0.96	33.5
BC_2102217_1_2_3_4	Porites_lobata_1679	59.877	162	60	1	471	1	20	181	3.83e-54	180
BC_6957170_1_2_3_4	Acropora_millepora_13064	49.375	160	78	2	3	473	567	726	9.24e-44	156
BC_1111080_1_2_3_4	Stylophora_pistillata_13596	42.857	70	38	1	7	216	124	191	5.41e-22	68.2
BC_1111080_1_2_3_4	Stylophora_pistillata_13596	47.170	53	20	1	203	361	187	231	5.41e-22	55.5
ND_5552730_1_2_3_4	Acropora_millepora_1944	86.154	65	9	0	3	197	147	211	5.16e-33	117
ND_2079243_1_2_3_4	Acropora_millepora_15070	90.698	129	12	0	1	387	283	411	8.27e-75	236
ND_2079243_1_2_3_4	Acropora_millepora_15070	65.116	129	42	2	1	387	414	539	2.64e-44	155
ND_2079243_1_2_3_4	Acropora_millepora_15070	62.500	128	45	2	1	384	542	666	4.49e-41	146
ND_2079243_1_2_3_4	Acropora_millepora_15070	52.174	115	48	4	46	387	172	280	9.91e-26	103
ND_4661417_1_2_3_4	Seriatopora_sp_31163	58.182	55	22	1	339	178	5	59	1.49e-15	72.0
BC_1531619_1_2_3_4	Pocillopora_damicornis_19775	35.385	65	33	3	198	10	1	58	0.098	33.9
BC_1123747_1_2_3_4	Seriatopora_sp_3101	82.500	40	7	0	189	308	1	40	3.76e-14	69.3
