contig	pos	cov
BC_104482_1_2_3_4	406	6
BC_1111080_1_2_3_4	363, 375	6, 6
BC_1123747_1_2_3_4	61	7
BC_1154956_1_2_3_4	24, 88	7, 7
BC_1531619_1_2_3_4	158	6
BC_1666634_1_2_3_4	242	6
BC_2102217_1_2_3_4	306	7
BC_3577569_1_2_3_4	408	6
BC_6957170_1_2_3_4	79, 92, 115, 293, 338	5, 5, 5, 6, 6
BC_7969249_1_2_3_4	476, 696, 699, 701, 716	6, 5, 5, 5, 5
NC_1016405_1_2_3_4	1017, 1118, 1119	6, 5, 5
NC_235035_1_2_3_4	841	6
ND_2079243_1_2_3_4	144, 209	6, 6
ND_2090286_1_2_3_4	228	6
ND_2199726_1_2_3_4	187, 204, 259, 293, 319	5, 5, 5, 6, 5
ND_4661417_1_2_3_4	94	6
ND_5552730_1_2_3_4	98, 116	6, 6
