NC_1016405_1_2_3_4	CP007754.1	91.176	34	3	0	658	691	1678947	1678980	0.067	48.8
NC_235035_1_2_3_4	CP011007.1	90.909	33	3	0	285	317	1020669	1020637	0.22	46.8
BC_5387540_1_2_3_4	LN999832.1	87.179	39	5	0	477	515	314819	314857	0.21	46.8
BC_7621428_1_2_3_4	CP010888.1	100.000	24	0	0	245	268	1060747	1060724	0.28	46.8
BC_1837123_1_2_3_4	AP014635.1	100.000	24	0	0	702	725	2175816	2175793	0.25	46.8
BC_1495792_1_2_3_4	CP000786.1	100.000	23	0	0	716	738	2434373	2434395	0.69	44.9
NC_5885195_1_2_3_4	CP016329.1	96.154	26	1	0	881	906	1160542	1160567	0.93	44.9
BC_8190320_1_2_3_4	AE014299.2	100.000	23	0	0	301	323	2771265	2771243	0.84	44.9
BC_4769747_1_2_3_4	CP003610.1	90.244	41	2	1	298	336	3399911	3399951	0.18	46.8
BC_7969249_1_2_3_4	CP020424.1	93.333	30	2	0	129	158	3629329	3629358	0.16	46.8
NC_3067113_1_2_3_4	CP015217.1	93.333	30	2	0	65	94	730162	730191	0.16	46.8
ND_1252254_1_2_3_4	CP003542.1	96.296	27	1	0	84	110	130705	130731	0.17	46.8
ND_7132363_1_2_3_4	CP009539.1	100.000	24	0	0	534	557	1877894	1877917	0.15	46.8
BC_6730668_1_2_3_4	CP014643.1	96.154	26	1	0	362	387	1880805	1880830	0.58	44.9
NC_3580001_1_2_3_4	AP017913.1	88.889	36	4	0	406	441	641747	641782	0.15	46.8
BC_3577569_1_2_3_4	CP002987.1	93.103	29	2	0	394	422	1853918	1853946	0.54	44.9
ND_1609301_1_2_3_4	CP002158.1	93.333	30	2	0	288	317	3041858	3041829	0.13	46.8
ND_5023081_1_2_3_4	CR925678.1	96.296	27	1	0	122	148	882379	882405	0.13	46.8
BC_6820882_1_2_3_4	LT799839.1	100.000	23	0	0	524	546	436539	436517	0.49	44.9
BC_5493191_1_2_3_4	CP020449.1	96.667	30	1	0	303	332	1936246	1936275	0.002	52.6
NC_2933167_1_2_3_4	CP016907.1	96.154	26	1	0	269	294	1300109	1300134	0.46	44.9
BC_6887189_1_2_3_4	CP014233.1	93.103	29	2	0	285	313	929536	929564	0.46	44.9
BC_1351092_1_2_3_4	CP015010.1	100.000	24	0	0	345	368	333053	333076	0.11	46.8
BC_4399041_1_2_3_4	CP002355.1	90.625	32	3	0	16	47	178390	178421	0.53	44.9
BC_2102217_1_2_3_4	CU207366.1	96.296	27	1	0	445	471	2016388	2016414	0.11	46.8
BC_5615048_1_2_3_4	CP002271.1	90.625	32	3	0	423	454	8564704	8564673	0.39	44.9
BC_1309150_1_2_3_4	CP011154.1	90.909	33	3	0	347	379	354393	354361	0.10	46.8
BC_1398335_1_2_3_4	CP001100.1	100.000	24	0	0	302	325	261202	261179	0.097	46.8
BC_5421730_1_2_3_4	CP019708.1	96.154	26	1	0	21	46	72834	72859	0.35	44.9
BC_5378646_1_2_3_4	CP015378.1	90.625	32	3	0	320	351	3998049	3998018	0.34	44.9
ND_6803372_1_2_3_4	CP015372.1	100.000	25	0	0	376	400	44909	44933	0.022	48.8
ND_1259540_1_2_3_4	CP003945.1	85.366	41	6	0	194	234	1732677	1732637	0.32	44.9
BC_1154956_1_2_3_4	CP006837.1	93.333	30	2	0	244	273	474852	474823	0.083	46.8
BC_1177023_1_2_3_4	CP011393.1	93.750	32	2	0	343	374	1964122	1964153	0.006	50.7
BC_4804998_1_2_3_4	CP020776.1	86.842	38	5	0	234	271	567361	567324	0.29	44.9
BC_1364029_1_2_3_4	AP010935.1	90.625	32	3	0	207	238	1291925	1291894	0.29	44.9
NC_4568161_1_2_3_4	CP015780.1	90.909	33	3	0	98	130	366841	366809	0.076	46.8
ND_5552730_1_2_3_4	LN681225.1	100.000	23	0	0	81	103	1439613	1439591	0.28	44.9
BC_1666634_1_2_3_4	CP003067.1	100.000	25	0	0	258	282	93795	93819	0.019	48.8
ND_4661417_1_2_3_4	CP006934.1	100.000	23	0	0	31	53	965067	965045	0.27	44.9
BC_2054354_1_2_3_4	CP015010.1	86.486	37	5	0	26	62	1167174	1167138	0.93	43.0
BC_1531619_1_2_3_4	CP018822.1	90.323	31	3	0	188	218	1902382	1902412	0.93	43.0
BC_1123747_1_2_3_4	CP000246.1	91.429	35	3	0	59	93	3153166	3153132	0.004	50.7
NC_2008698_1_2_3_4	CP002955.1	100.000	23	0	0	212	234	5113911	5113933	0.26	44.9
