contig	pos	NC	ND	BC	FST
ND_68404_1_2_3_4	 119	0, 6, 0, 0	0, 4, 0, 5	0, 0, 0, 8	FST_VALUE
BC_1364029_1_2_3_4	 180	5, 0, 0, 0	1, 0, 0, 8	0, 0, 0, 7	FST_VALUE
BC_4194831_1_2_3_4	 152	0, 0, 0, 34	0, 0, 0, 25	0, 23, 0, 0	FST_VALUE
BC_4194831_1_2_3_4	 218	0, 0, 0, 34	0, 0, 0, 25	0, 24, 0, 0	FST_VALUE
BC_4194831_1_2_3_4	 249	0, 0, 33, 0	0, 0, 25, 0	0, 0, 0, 24	FST_VALUE
BC_4194831_1_2_3_4	 281	0, 0, 31, 0	0, 0, 25, 0	0, 24, 0, 0	FST_VALUE
BC_4194831_1_2_3_4	 381	0, 0, 28, 0	0, 0, 25, 0	19, 0, 0, 0	FST_VALUE
BC_4194831_1_2_3_4	 395	0, 0, 0, 28	0, 0, 0, 24	0, 0, 19, 0	FST_VALUE
BC_4194831_1_2_3_4	 414	27, 0, 0, 0	23, 0, 0, 0	0, 0, 0, 19	FST_VALUE
ND_3497_1_2_3_4	 315	7, 0, 0, 0	10, 0, 0, 0	0, 0, 0, 12	FST_VALUE
ND_3497_1_2_3_4	 318	0, 0, 7, 0	0, 0, 10, 0	12, 0, 0, 0	FST_VALUE
ND_3497_1_2_3_4	 320	0, 7, 0, 0	0, 10, 0, 0	0, 0, 12, 0	FST_VALUE
BC_2627649_1_2_3_4	 128	0, 0, 0, 7	0, 0, 0, 25	0, 9, 0, 0	FST_VALUE
BC_2102217_1_2_3_4	 306	0, 7, 0, 0	4, 3, 0, 0	7, 0, 0, 0	FST_VALUE
BC_4096071_1_2_3_4	 622	0, 0, 0, 5	0, 4, 0, 0	0, 6, 0, 0	FST_VALUE
BC_5421730_1_2_3_4	 173	0, 0, 7, 0	0, 0, 4, 0	5, 0, 0, 0	FST_VALUE
BC_5813990_1_2_3_4	 726	0, 0, 0, 7	4, 0, 26, 0	7, 0, 0, 0	FST_VALUE
NC_2668492_1_2_3_4	 216	0, 0, 11, 0	0, 0, 2, 0	0, 5, 0, 0	FST_VALUE
NC_2668492_1_2_3_4	 230	11, 0, 0, 0	2, 0, 0, 0	0, 0, 5, 0	FST_VALUE
NC_2668492_1_2_3_4	 323	0, 11, 0, 0	0, 2, 0, 0	0, 0, 0, 5	FST_VALUE
ND_1014737_1_2_3_4	1033	0, 6, 0, 0	0, 0, 3, 0	0, 0, 10, 0	FST_VALUE
ND_1014737_1_2_3_4	1034	0, 6, 0, 0	0, 0, 3, 0	0, 0, 10, 0	FST_VALUE
ND_1014737_1_2_3_4	1035	6, 0, 0, 0	0, 3, 0, 0	0, 10, 0, 0	FST_VALUE
ND_1014737_1_2_3_4	1037	0, 0, 0, 6	4, 0, 0, 0	10, 0, 0, 0	FST_VALUE
ND_1014737_1_2_3_4	1038	0, 0, 0, 6	0, 4, 0, 0	0, 10, 0, 0	FST_VALUE
ND_1014737_1_2_3_4	1039	0, 0, 6, 0	0, 0, 0, 4	0, 0, 0, 10	FST_VALUE
ND_1014737_1_2_3_4	1040	0, 0, 6, 0	0, 0, 0, 4	0, 0, 0, 10	FST_VALUE
ND_1014737_1_2_3_4	1042	7, 0, 0, 0	0, 0, 4, 0	0, 0, 10, 0	FST_VALUE
ND_1014737_1_2_3_4	1043	0, 0, 0, 7	0, 0, 4, 0	0, 0, 10, 0	FST_VALUE
ND_1014737_1_2_3_4	1045	7, 0, 0, 0	0, 0, 0, 4	0, 0, 0, 10	FST_VALUE
ND_1014737_1_2_3_4	1046	0, 0, 0, 7	4, 0, 0, 0	10, 0, 0, 0	FST_VALUE
ND_1014737_1_2_3_4	1049	0, 7, 0, 0	4, 0, 0, 0	10, 0, 0, 0	FST_VALUE
ND_1014737_1_2_3_4	1050	7, 0, 0, 0	0, 4, 0, 0	0, 10, 0, 0	FST_VALUE
ND_1014737_1_2_3_4	1051	0, 0, 0, 7	0, 4, 0, 0	0, 10, 0, 0	FST_VALUE
ND_1014737_1_2_3_4	1053	7, 0, 0, 0	0, 0, 0, 4	0, 0, 0, 10	FST_VALUE
ND_1014737_1_2_3_4	1054	0, 0, 0, 7	4, 0, 0, 0	10, 0, 0, 0	FST_VALUE
ND_1014737_1_2_3_4	1056	0, 7, 0, 0	0, 0, 0, 4	0, 0, 0, 10	FST_VALUE
ND_1014737_1_2_3_4	1057	0, 0, 0, 7	4, 0, 0, 0	10, 0, 0, 0	FST_VALUE
ND_1014737_1_2_3_4	1058	0, 0, 0, 7	0, 4, 0, 0	0, 10, 0, 0	FST_VALUE
ND_1014737_1_2_3_4	1063	0, 7, 0, 0	0, 0, 0, 4	0, 0, 0, 11	FST_VALUE
ND_1014737_1_2_3_4	1067	0, 0, 0, 7	0, 4, 0, 0	0, 12, 0, 0	FST_VALUE
ND_1014737_1_2_3_4	1068	0, 0, 7, 0	0, 0, 0, 4	0, 0, 0, 12	FST_VALUE
ND_1014737_1_2_3_4	1069	0, 0, 7, 0	0, 0, 0, 4	0, 0, 0, 12	FST_VALUE
ND_1014737_1_2_3_4	1071	7, 0, 0, 0	0, 0, 4, 0	0, 0, 12, 0	FST_VALUE
ND_1014737_1_2_3_4	1072	0, 7, 0, 0	0, 0, 4, 0	0, 0, 12, 0	FST_VALUE
ND_1014737_1_2_3_4	1074	7, 0, 0, 0	0, 4, 0, 0	0, 12, 0, 0	FST_VALUE
ND_1014737_1_2_3_4	1075	0, 0, 0, 7	4, 0, 0, 0	12, 0, 0, 0	FST_VALUE
ND_1014737_1_2_3_4	1076	0, 0, 0, 7	4, 0, 0, 0	12, 0, 0, 0	FST_VALUE
ND_1014737_1_2_3_4	1077	0, 0, 7, 0	0, 0, 0, 4	0, 0, 0, 12	FST_VALUE
ND_1014737_1_2_3_4	1079	7, 0, 0, 0	0, 0, 4, 0	0, 0, 12, 0	FST_VALUE
ND_1014737_1_2_3_4	1080	7, 0, 0, 0	0, 0, 0, 4	0, 0, 0, 12	FST_VALUE
ND_1014737_1_2_3_4	1081	0, 0, 7, 0	4, 0, 0, 0	12, 0, 0, 0	FST_VALUE
ND_1014737_1_2_3_4	1082	0, 0, 0, 7	4, 0, 0, 0	12, 0, 0, 0	FST_VALUE
ND_1014737_1_2_3_4	1083	0, 7, 0, 0	0, 0, 4, 0	0, 0, 12, 0	FST_VALUE
ND_1014737_1_2_3_4	1084	0, 7, 0, 0	0, 0, 0, 4	0, 0, 0, 12	FST_VALUE
ND_1014737_1_2_3_4	1086	7, 0, 0, 0	0, 4, 0, 0	0, 12, 0, 0	FST_VALUE
ND_1014737_1_2_3_4	1087	7, 0, 0, 0	0, 4, 0, 0	0, 12, 0, 0	FST_VALUE
ND_1014737_1_2_3_4	1088	0, 0, 7, 0	4, 0, 0, 0	12, 0, 0, 0	FST_VALUE
ND_1014737_1_2_3_4	1092	7, 0, 0, 0	0, 0, 4, 0	0, 0, 12, 0	FST_VALUE
ND_1014737_1_2_3_4	1094	0, 7, 0, 0	4, 0, 0, 0	12, 0, 0, 0	FST_VALUE
ND_1014737_1_2_3_4	1095	0, 0, 0, 7	4, 0, 0, 0	12, 0, 0, 0	FST_VALUE
ND_1014737_1_2_3_4	1096	0, 0, 7, 0	0, 4, 0, 0	0, 12, 0, 0	FST_VALUE
ND_1014737_1_2_3_4	1097	0, 0, 7, 0	0, 0, 0, 4	0, 0, 0, 12	FST_VALUE
ND_1014737_1_2_3_4	1098	7, 0, 0, 0	0, 0, 4, 0	0, 0, 12, 0	FST_VALUE
ND_1014737_1_2_3_4	1099	7, 0, 0, 0	0, 0, 4, 0	0, 0, 12, 0	FST_VALUE
ND_1014737_1_2_3_4	1101	0, 7, 0, 0	4, 0, 0, 0	12, 0, 0, 0	FST_VALUE
ND_1014737_1_2_3_4	1103	7, 0, 0, 0	0, 4, 0, 0	0, 13, 0, 0	FST_VALUE
ND_1014737_1_2_3_4	1104	0, 0, 0, 7	4, 0, 0, 0	12, 0, 0, 0	FST_VALUE
ND_1014737_1_2_3_4	1105	0, 0, 7, 0	4, 0, 0, 0	12, 0, 0, 0	FST_VALUE
ND_1014737_1_2_3_4	1106	0, 7, 0, 0	0, 0, 0, 4	0, 0, 0, 12	FST_VALUE
ND_1014737_1_2_3_4	1107	7, 0, 0, 0	0, 0, 4, 0	0, 0, 12, 0	FST_VALUE
ND_1014737_1_2_3_4	1108	0, 0, 0, 7	0, 4, 0, 0	0, 12, 0, 0	FST_VALUE
ND_1014737_1_2_3_4	1109	0, 0, 7, 0	4, 0, 0, 0	12, 0, 0, 0	FST_VALUE
ND_1014737_1_2_3_4	1110	0, 7, 0, 0	0, 0, 0, 4	0, 0, 0, 12	FST_VALUE
ND_1014737_1_2_3_4	1111	0, 0, 0, 7	0, 0, 4, 0	0, 0, 12, 0	FST_VALUE
ND_1014737_1_2_3_4	1112	0, 0, 0, 7	0, 4, 0, 0	0, 12, 0, 0	FST_VALUE
ND_1014737_1_2_3_4	1113	7, 0, 0, 0	0, 0, 0, 4	0, 0, 0, 12	FST_VALUE
ND_1014737_1_2_3_4	1115	0, 0, 7, 0	4, 0, 0, 0	12, 0, 0, 0	FST_VALUE
ND_1014737_1_2_3_4	1116	0, 7, 0, 0	0, 0, 0, 4	0, 0, 0, 12	FST_VALUE
ND_1014737_1_2_3_4	1117	7, 0, 0, 0	0, 0, 4, 0	0, 0, 12, 0	FST_VALUE
ND_1014737_1_2_3_4	1118	7, 0, 0, 0	0, 4, 0, 0	0, 12, 0, 0	FST_VALUE
ND_1014737_1_2_3_4	1121	0, 0, 0, 7	4, 0, 0, 0	12, 0, 0, 0	FST_VALUE
ND_1014737_1_2_3_4	1122	0, 0, 7, 0	4, 0, 0, 0	12, 0, 0, 0	FST_VALUE
ND_1014737_1_2_3_4	1130	7, 0, 0, 0	0, 0, 4, 0	0, 0, 13, 0	FST_VALUE
ND_1014737_1_2_3_4	1133	7, 0, 0, 0	0, 4, 0, 0	0, 13, 0, 0	FST_VALUE
ND_1014737_1_2_3_4	1135	0, 7, 0, 0	4, 0, 0, 0	13, 0, 0, 0	FST_VALUE
ND_1014737_1_2_3_4	1137	7, 0, 0, 0	0, 4, 0, 0	0, 13, 0, 0	FST_VALUE
ND_1014737_1_2_3_4	1138	0, 0, 7, 0	4, 0, 0, 0	13, 0, 0, 0	FST_VALUE
ND_1014737_1_2_3_4	1139	0, 0, 7, 0	4, 0, 0, 0	13, 0, 0, 0	FST_VALUE
ND_1014737_1_2_3_4	1140	7, 0, 0, 0	0, 0, 4, 0	0, 0, 13, 0	FST_VALUE
ND_1014737_1_2_3_4	1142	0, 7, 0, 0	4, 0, 0, 0	13, 0, 0, 0	FST_VALUE
ND_1014737_1_2_3_4	1143	7, 0, 0, 0	0, 0, 4, 0	0, 0, 13, 0	FST_VALUE
ND_1014737_1_2_3_4	1144	0, 0, 0, 8	0, 4, 0, 0	0, 13, 0, 0	FST_VALUE
ND_1014737_1_2_3_4	1145	0, 0, 0, 8	4, 0, 0, 0	13, 0, 0, 0	FST_VALUE
ND_1014737_1_2_3_4	1146	8, 0, 0, 0	0, 0, 0, 4	0, 0, 0, 13	FST_VALUE
ND_1014737_1_2_3_4	1148	0, 0, 8, 0	4, 0, 0, 0	13, 0, 0, 0	FST_VALUE
ND_1014737_1_2_3_4	1149	0, 0, 8, 0	0, 0, 0, 4	0, 0, 0, 13	FST_VALUE
ND_1014737_1_2_3_4	1150	0, 0, 0, 8	0, 0, 4, 0	0, 0, 13, 0	FST_VALUE
ND_1014737_1_2_3_4	1151	8, 0, 0, 0	0, 0, 4, 0	0, 0, 13, 0	FST_VALUE
ND_1014737_1_2_3_4	1153	0, 0, 0, 8	4, 0, 0, 0	13, 0, 0, 0	FST_VALUE
ND_1014737_1_2_3_4	1156	0, 8, 0, 0	0, 0, 0, 4	0, 0, 0, 13	FST_VALUE
ND_1014737_1_2_3_4	1158	0, 0, 8, 0	0, 4, 0, 0	0, 13, 0, 0	FST_VALUE
ND_1014737_1_2_3_4	1159	8, 0, 0, 0	0, 0, 0, 4	0, 0, 0, 13	FST_VALUE
ND_1014737_1_2_3_4	1162	0, 0, 0, 7	4, 0, 0, 0	13, 0, 0, 0	FST_VALUE
ND_1014737_1_2_3_4	1164	0, 0, 7, 0	0, 0, 0, 4	0, 0, 0, 13	FST_VALUE
ND_1014737_1_2_3_4	1165	0, 7, 0, 0	0, 0, 4, 0	0, 0, 13, 0	FST_VALUE
ND_1014737_1_2_3_4	1166	0, 7, 0, 0	0, 0, 4, 0	0, 0, 13, 0	FST_VALUE
ND_1014737_1_2_3_4	1167	0, 0, 0, 7	0, 4, 0, 0	0, 13, 0, 0	FST_VALUE
ND_1014737_1_2_3_4	1168	7, 0, 0, 0	0, 4, 0, 0	0, 13, 0, 0	FST_VALUE
ND_1014737_1_2_3_4	1173	0, 0, 6, 0	0, 0, 0, 4	0, 0, 0, 13	FST_VALUE
ND_1014737_1_2_3_4	1174	0, 6, 0, 0	4, 0, 0, 0	13, 0, 0, 0	FST_VALUE
ND_1014737_1_2_3_4	1175	0, 0, 0, 6	0, 0, 4, 0	0, 0, 13, 0	FST_VALUE
ND_1014737_1_2_3_4	1176	6, 0, 0, 0	0, 4, 0, 0	0, 13, 0, 0	FST_VALUE
ND_1014737_1_2_3_4	1178	0, 0, 0, 6	4, 0, 0, 0	13, 0, 0, 0	FST_VALUE
ND_1014737_1_2_3_4	1179	0, 0, 6, 0	0, 0, 0, 4	0, 0, 0, 13	FST_VALUE
ND_1014737_1_2_3_4	1180	0, 0, 6, 0	0, 0, 0, 4	0, 0, 0, 13	FST_VALUE
ND_1014737_1_2_3_4	1181	0, 6, 0, 0	0, 0, 4, 0	0, 0, 13, 0	FST_VALUE
ND_1014737_1_2_3_4	1182	0, 0, 0, 6	0, 0, 4, 0	0, 0, 13, 0	FST_VALUE
ND_1014737_1_2_3_4	1183	0, 0, 0, 6	0, 4, 0, 0	0, 13, 0, 0	FST_VALUE
ND_1014737_1_2_3_4	1184	6, 0, 0, 0	0, 0, 0, 4	0, 0, 0, 13	FST_VALUE
ND_1014737_1_2_3_4	1185	0, 0, 6, 0	0, 0, 0, 4	0, 0, 0, 13	FST_VALUE
ND_1014737_1_2_3_4	1186	0, 0, 0, 6	4, 0, 0, 0	13, 0, 0, 0	FST_VALUE
ND_1014737_1_2_3_4	1187	0, 0, 0, 6	0, 0, 4, 0	0, 0, 13, 0	FST_VALUE
ND_1014737_1_2_3_4	1189	6, 0, 0, 0	0, 0, 0, 4	0, 0, 0, 13	FST_VALUE
ND_1014737_1_2_3_4	1190	0, 6, 0, 0	0, 0, 0, 4	0, 0, 0, 13	FST_VALUE
ND_1014737_1_2_3_4	1192	0, 0, 6, 0	0, 4, 0, 0	0, 13, 0, 0	FST_VALUE
ND_1014737_1_2_3_4	1193	0, 6, 0, 0	0, 0, 4, 0	0, 0, 13, 0	FST_VALUE
ND_1014737_1_2_3_4	1194	6, 0, 0, 0	0, 0, 4, 0	0, 0, 13, 0	FST_VALUE
ND_1014737_1_2_3_4	1195	6, 0, 0, 0	0, 4, 0, 0	0, 13, 0, 0	FST_VALUE
ND_1014737_1_2_3_4	1196	0, 0, 0, 6	4, 0, 0, 0	13, 0, 0, 0	FST_VALUE
ND_1014737_1_2_3_4	1197	0, 0, 6, 0	4, 0, 0, 0	13, 0, 0, 0	FST_VALUE
ND_1014737_1_2_3_4	1198	6, 0, 0, 0	0, 0, 0, 4	0, 0, 0, 13	FST_VALUE
ND_1014737_1_2_3_4	1199	6, 0, 0, 0	0, 0, 4, 0	0, 0, 13, 0	FST_VALUE
ND_1014737_1_2_3_4	1200	0, 0, 6, 0	4, 0, 0, 0	13, 0, 0, 0	FST_VALUE
ND_1014737_1_2_3_4	1201	0, 6, 0, 0	4, 0, 0, 0	13, 0, 0, 0	FST_VALUE
ND_1014737_1_2_3_4	1202	0, 0, 0, 6	0, 0, 4, 0	0, 0, 13, 0	FST_VALUE
ND_1014737_1_2_3_4	1203	6, 0, 0, 0	0, 4, 0, 0	0, 13, 0, 0	FST_VALUE
ND_1014737_1_2_3_4	1204	6, 0, 0, 0	0, 0, 0, 4	0, 0, 0, 13	FST_VALUE
ND_1014737_1_2_3_4	1207	0, 0, 6, 0	4, 0, 0, 0	13, 0, 0, 0	FST_VALUE
ND_1014737_1_2_3_4	1208	0, 6, 0, 0	4, 0, 0, 0	13, 0, 0, 0	FST_VALUE
ND_1014737_1_2_3_4	1209	0, 0, 0, 6	0, 0, 4, 0	0, 0, 13, 0	FST_VALUE
ND_1014737_1_2_3_4	1211	6, 0, 0, 0	0, 0, 0, 4	0, 0, 0, 13	FST_VALUE
ND_1014737_1_2_3_4	1212	0, 0, 0, 6	0, 4, 0, 0	0, 13, 0, 0	FST_VALUE
ND_1014737_1_2_3_4	1213	0, 0, 6, 0	4, 0, 0, 0	13, 0, 0, 0	FST_VALUE
ND_1014737_1_2_3_4	1214	6, 0, 0, 0	0, 0, 0, 4	0, 0, 0, 13	FST_VALUE
ND_1014737_1_2_3_4	1215	6, 0, 0, 0	0, 0, 4, 0	0, 0, 13, 0	FST_VALUE
ND_1014737_1_2_3_4	1216	0, 0, 6, 0	4, 0, 0, 0	13, 0, 0, 0	FST_VALUE
ND_1014737_1_2_3_4	1217	0, 6, 0, 0	4, 0, 0, 0	13, 0, 0, 0	FST_VALUE
ND_1014737_1_2_3_4	1218	0, 0, 0, 6	0, 0, 4, 0	0, 0, 13, 0	FST_VALUE
ND_1014737_1_2_3_4	1219	6, 0, 0, 0	0, 4, 0, 0	0, 13, 0, 0	FST_VALUE
ND_1014737_1_2_3_4	1221	0, 0, 0, 6	4, 0, 0, 0	13, 0, 0, 0	FST_VALUE
ND_1014737_1_2_3_4	1222	0, 0, 6, 0	0, 0, 0, 4	0, 0, 0, 13	FST_VALUE
ND_1014737_1_2_3_4	1224	6, 0, 0, 0	0, 0, 3, 0	0, 0, 13, 0	FST_VALUE
ND_1014737_1_2_3_4	1225	0, 0, 6, 0	0, 0, 0, 3	0, 0, 0, 13	FST_VALUE
ND_1014737_1_2_3_4	1226	0, 0, 0, 6	3, 0, 0, 0	13, 0, 0, 0	FST_VALUE
ND_1014737_1_2_3_4	1227	6, 0, 0, 0	0, 0, 3, 0	0, 0, 13, 0	FST_VALUE
ND_1014737_1_2_3_4	1228	0, 6, 0, 0	0, 0, 0, 3	0, 0, 0, 13	FST_VALUE
ND_1014737_1_2_3_4	1229	0, 0, 0, 6	3, 0, 0, 0	13, 0, 0, 0	FST_VALUE
ND_1014737_1_2_3_4	1230	0, 0, 0, 6	0, 3, 0, 0	0, 13, 0, 0	FST_VALUE
ND_1014737_1_2_3_4	1231	6, 0, 0, 0	0, 0, 0, 3	0, 0, 0, 13	FST_VALUE
ND_1014737_1_2_3_4	1233	0, 0, 0, 6	3, 0, 0, 0	13, 0, 0, 0	FST_VALUE
ND_1014737_1_2_3_4	1234	0, 6, 0, 0	0, 0, 0, 3	0, 0, 0, 13	FST_VALUE
ND_1014737_1_2_3_4	1235	6, 0, 0, 0	0, 0, 0, 3	0, 0, 0, 13	FST_VALUE
ND_1014737_1_2_3_4	1236	0, 0, 6, 0	0, 3, 0, 0	0, 13, 0, 0	FST_VALUE
ND_1014737_1_2_3_4	1237	0, 0, 0, 6	3, 0, 0, 0	13, 0, 0, 0	FST_VALUE
ND_1014737_1_2_3_4	1240	0, 0, 0, 6	0, 0, 3, 0	0, 0, 13, 0	FST_VALUE
ND_1014737_1_2_3_4	1241	0, 0, 0, 6	0, 3, 0, 0	0, 13, 0, 0	FST_VALUE
ND_1014737_1_2_3_4	1242	0, 0, 6, 0	0, 0, 0, 3	0, 0, 0, 13	FST_VALUE
ND_1014737_1_2_3_4	1243	6, 0, 0, 0	0, 0, 0, 3	0, 0, 0, 13	FST_VALUE
ND_1014737_1_2_3_4	1244	6, 0, 0, 0	0, 0, 3, 0	0, 0, 13, 0	FST_VALUE
ND_1014737_1_2_3_4	1245	0, 0, 6, 0	3, 0, 0, 0	13, 0, 0, 0	FST_VALUE
ND_1014737_1_2_3_4	1246	0, 6, 0, 0	3, 0, 0, 0	13, 0, 0, 0	FST_VALUE
ND_1014737_1_2_3_4	1247	6, 0, 0, 0	0, 0, 3, 0	0, 0, 13, 0	FST_VALUE
ND_1014737_1_2_3_4	1249	0, 6, 0, 0	3, 0, 0, 0	13, 0, 0, 0	FST_VALUE
ND_1014737_1_2_3_4	1251	0, 0, 6, 0	0, 3, 0, 0	0, 13, 0, 0	FST_VALUE
ND_1014737_1_2_3_4	1253	0, 0, 0, 6	0, 0, 3, 0	0, 0, 13, 0	FST_VALUE
ND_1014737_1_2_3_4	1256	6, 0, 0, 0	0, 0, 0, 3	0, 0, 0, 13	FST_VALUE
ND_1014737_1_2_3_4	1257	0, 0, 6, 0	0, 3, 0, 0	0, 13, 0, 0	FST_VALUE
ND_1014737_1_2_3_4	1258	0, 0, 0, 6	3, 0, 0, 0	13, 0, 0, 0	FST_VALUE
ND_1014737_1_2_3_4	1259	0, 6, 0, 0	0, 0, 3, 0	0, 0, 13, 0	FST_VALUE
ND_1014737_1_2_3_4	1260	6, 0, 0, 0	0, 0, 0, 3	0, 0, 0, 13	FST_VALUE
ND_1014737_1_2_3_4	1262	0, 6, 0, 0	3, 0, 0, 0	13, 0, 0, 0	FST_VALUE
ND_1014737_1_2_3_4	1263	6, 0, 0, 0	0, 3, 0, 0	0, 13, 0, 0	FST_VALUE
ND_1014737_1_2_3_4	1264	6, 0, 0, 0	0, 3, 0, 0	0, 13, 0, 0	FST_VALUE
ND_1014737_1_2_3_4	1265	0, 6, 0, 0	3, 0, 0, 0	12, 0, 0, 0	FST_VALUE
ND_1014737_1_2_3_4	1266	0, 6, 0, 0	3, 0, 0, 0	12, 0, 0, 0	FST_VALUE
ND_1014737_1_2_3_4	1267	6, 0, 0, 0	0, 3, 0, 0	0, 12, 0, 0	FST_VALUE
ND_1014737_1_2_3_4	1268	0, 0, 6, 0	0, 3, 0, 0	0, 12, 0, 0	FST_VALUE
ND_1014737_1_2_3_4	1270	6, 0, 0, 0	0, 0, 3, 0	0, 0, 12, 0	FST_VALUE
ND_1014737_1_2_3_4	1271	0, 0, 0, 6	3, 0, 0, 0	12, 0, 0, 0	FST_VALUE
ND_1014737_1_2_3_4	1272	0, 0, 6, 0	3, 0, 0, 0	12, 0, 0, 0	FST_VALUE
ND_1014737_1_2_3_4	1274	0, 0, 0, 6	0, 0, 3, 0	0, 0, 12, 0	FST_VALUE
ND_1014737_1_2_3_4	1276	0, 6, 0, 0	0, 0, 0, 3	0, 0, 0, 12	FST_VALUE
ND_1014737_1_2_3_4	1277	0, 6, 0, 0	0, 0, 0, 3	0, 0, 0, 12	FST_VALUE
ND_1014737_1_2_3_4	1278	6, 0, 0, 0	0, 3, 0, 0	0, 12, 0, 0	FST_VALUE
ND_1014737_1_2_3_4	1282	0, 0, 0, 5	3, 0, 0, 0	12, 0, 0, 0	FST_VALUE
ND_1014737_1_2_3_4	1284	5, 0, 0, 0	0, 0, 0, 3	0, 0, 0, 11	FST_VALUE
ND_1014737_1_2_3_4	1286	0, 0, 0, 5	3, 0, 0, 0	11, 0, 0, 0	FST_VALUE
ND_1014737_1_2_3_4	1287	0, 5, 0, 0	0, 0, 0, 3	0, 0, 0, 11	FST_VALUE
ND_1014737_1_2_3_4	1288	0, 5, 0, 0	0, 0, 0, 3	0, 0, 0, 11	FST_VALUE
ND_1014737_1_2_3_4	1289	0, 0, 0, 5	0, 3, 0, 0	0, 11, 0, 0	FST_VALUE
ND_1014737_1_2_3_4	1292	5, 0, 0, 0	0, 3, 0, 0	0, 11, 0, 0	FST_VALUE
ND_1014737_1_2_3_4	1294	0, 0, 0, 5	3, 0, 0, 0	11, 0, 0, 0	FST_VALUE
ND_1014737_1_2_3_4	1295	0, 0, 5, 0	0, 0, 0, 3	0, 0, 0, 11	FST_VALUE
ND_1014737_1_2_3_4	1296	0, 5, 0, 0	0, 0, 0, 3	0, 0, 0, 11	FST_VALUE
ND_1014737_1_2_3_4	1299	5, 0, 0, 0	0, 0, 3, 0	0, 0, 11, 0	FST_VALUE
ND_1014737_1_2_3_4	1301	0, 0, 0, 5	3, 0, 0, 0	11, 0, 0, 0	FST_VALUE
ND_1014737_1_2_3_4	1302	0, 0, 5, 0	0, 3, 0, 0	0, 10, 0, 0	FST_VALUE
ND_1014737_1_2_3_4	1303	0, 5, 0, 0	0, 0, 0, 3	0, 0, 0, 9	FST_VALUE
ND_1014737_1_2_3_4	1304	0, 0, 0, 5	0, 0, 3, 0	0, 0, 9, 0	FST_VALUE
ND_1014737_1_2_3_4	1305	0, 0, 5, 0	0, 3, 0, 0	0, 9, 0, 0	FST_VALUE
ND_1014737_1_2_3_4	1306	0, 0, 5, 0	0, 0, 0, 3	0, 0, 0, 9	FST_VALUE
ND_1014737_1_2_3_4	1307	5, 0, 0, 0	0, 0, 3, 0	0, 0, 9, 0	FST_VALUE
ND_1014737_1_2_3_4	1310	5, 0, 0, 0	0, 0, 3, 0	0, 0, 9, 0	FST_VALUE
ND_1014737_1_2_3_4	1311	0, 0, 5, 0	3, 0, 0, 0	9, 0, 0, 0	FST_VALUE
ND_1014737_1_2_3_4	1312	0, 5, 0, 0	3, 0, 0, 0	9, 0, 0, 0	FST_VALUE
ND_1014737_1_2_3_4	1313	0, 0, 0, 5	0, 0, 3, 0	0, 0, 9, 0	FST_VALUE
ND_1014737_1_2_3_4	1314	5, 0, 0, 0	0, 3, 0, 0	0, 9, 0, 0	FST_VALUE
ND_1014737_1_2_3_4	1315	0, 0, 5, 0	0, 0, 0, 3	0, 0, 0, 9	FST_VALUE
ND_1014737_1_2_3_4	1318	0, 0, 0, 5	3, 0, 0, 0	8, 0, 0, 0	FST_VALUE
ND_1014737_1_2_3_4	1319	0, 5, 0, 0	0, 0, 3, 0	0, 0, 8, 0	FST_VALUE
ND_1014737_1_2_3_4	1321	5, 0, 0, 0	0, 3, 0, 0	0, 8, 0, 0	FST_VALUE
ND_1014737_1_2_3_4	1322	0, 0, 5, 0	0, 0, 0, 3	0, 0, 0, 8	FST_VALUE
BC_5359563_1_2_3_4	  94	0, 6, 0, 0	0, 0, 0, 2	0, 0, 0, 8	FST_VALUE
BC_1398335_1_2_3_4	  70	0, 0, 5, 0	1, 0, 0, 0	15, 0, 0, 0	FST_VALUE
BC_1398335_1_2_3_4	 193	5, 0, 0, 0	0, 0, 1, 0	0, 0, 15, 0	FST_VALUE
BC_1398335_1_2_3_4	 224	0, 0, 0, 5	1, 0, 0, 0	15, 0, 0, 0	FST_VALUE
BC_1398335_1_2_3_4	 290	0, 0, 5, 0	1, 0, 0, 0	15, 0, 0, 0	FST_VALUE
BC_4728590_1_2_3_4	  20	5, 0, 0, 0	0, 2, 0, 0	0, 5, 0, 0	FST_VALUE
BC_4728590_1_2_3_4	  21	0, 5, 0, 0	2, 0, 0, 0	5, 0, 0, 0	FST_VALUE
BC_4728590_1_2_3_4	  22	5, 0, 0, 0	0, 0, 0, 2	0, 0, 0, 5	FST_VALUE
BC_4728590_1_2_3_4	  23	0, 0, 0, 5	0, 0, 2, 0	0, 0, 5, 0	FST_VALUE
BC_4728590_1_2_3_4	  24	0, 0, 5, 0	0, 0, 0, 2	0, 0, 0, 5	FST_VALUE
BC_4728590_1_2_3_4	  25	0, 0, 0, 5	0, 2, 0, 0	0, 5, 0, 0	FST_VALUE
BC_4728590_1_2_3_4	  27	0, 5, 0, 0	0, 0, 0, 2	0, 0, 0, 5	FST_VALUE
BC_4728590_1_2_3_4	  29	0, 0, 0, 5	0, 0, 2, 0	0, 0, 5, 0	FST_VALUE
BC_4728590_1_2_3_4	  30	0, 0, 5, 0	0, 2, 0, 0	0, 5, 0, 0	FST_VALUE
BC_4728590_1_2_3_4	  31	0, 5, 0, 0	0, 0, 0, 2	0, 0, 0, 5	FST_VALUE
BC_4728590_1_2_3_4	  33	0, 0, 0, 5	0, 0, 2, 0	0, 0, 5, 0	FST_VALUE
BC_4728590_1_2_3_4	  34	0, 0, 5, 0	0, 2, 0, 0	0, 5, 0, 0	FST_VALUE
BC_4728590_1_2_3_4	  35	0, 5, 0, 0	2, 0, 0, 0	5, 0, 0, 0	FST_VALUE
ND_3972186_1_2_3_4	 412	0, 6, 0, 0	0, 0, 0, 4	0, 0, 0, 9	FST_VALUE
ND_3313415_1_2_3_4	 321	0, 0, 0, 9	0, 0, 0, 7	0, 0, 5, 0	FST_VALUE
NC_1016405_1_2_3_4	1017	0, 0, 0, 8	0, 3, 0, 3	0, 6, 0, 0	FST_VALUE
NC_1016405_1_2_3_4	1118	7, 0, 0, 0	3, 0, 0, 2	0, 0, 0, 5	FST_VALUE
NC_1016405_1_2_3_4	1119	0, 0, 0, 7	0, 0, 2, 3	0, 0, 5, 0	FST_VALUE
NC_6063307_1_2_3_4	1040	0, 0, 10, 0	0, 0, 17, 0	23, 0, 0, 0	FST_VALUE
NC_6063307_1_2_3_4	1041	10, 0, 0, 0	17, 0, 0, 0	0, 0, 0, 9	FST_VALUE
ND_5552730_1_2_3_4	  98	0, 0, 0, 6	0, 0, 0, 10	0, 7, 0, 0	FST_VALUE
ND_5552730_1_2_3_4	 116	0, 6, 0, 0	0, 10, 0, 0	0, 0, 7, 0	FST_VALUE
BC_6730668_1_2_3_4	 294	0, 0, 0, 5	0, 2, 0, 0	0, 6, 0, 0	FST_VALUE
BC_1731866_1_2_3_4	 934	0, 0, 8, 0	0, 0, 0, 1	0, 0, 0, 5	FST_VALUE
NC_5339316_1_2_3_4	 295	0, 0, 0, 20	0, 0, 19, 0	0, 0, 15, 0	FST_VALUE
ND_4556763_1_2_3_4	  78	0, 5, 0, 0	0, 1, 0, 6	0, 0, 0, 5	FST_VALUE
ND_2199726_1_2_3_4	 187	0, 0, 0, 7	0, 2, 0, 1	0, 5, 0, 0	FST_VALUE
ND_2199726_1_2_3_4	 204	0, 0, 7, 0	3, 0, 0, 0	5, 0, 0, 0	FST_VALUE
ND_2199726_1_2_3_4	 259	0, 6, 0, 0	0, 1, 0, 2	0, 0, 0, 5	FST_VALUE
ND_2199726_1_2_3_4	 293	0, 0, 0, 6	0, 3, 0, 0	0, 6, 0, 0	FST_VALUE
ND_2199726_1_2_3_4	 319	6, 0, 0, 0	0, 0, 2, 0	0, 0, 5, 0	FST_VALUE
ND_2194967_1_2_3_4	 176	0, 6, 0, 0	0, 4, 0, 2	0, 0, 0, 5	FST_VALUE
BC_1761428_1_2_3_4	 827	0, 5, 0, 0	3, 0, 0, 0	5, 0, 0, 0	FST_VALUE
BC_5387540_1_2_3_4	 105	0, 0, 0, 5	0, 0, 1, 0	0, 0, 8, 0	FST_VALUE
NC_5798930_1_2_3_4	 158	15, 0, 0, 0	6, 0, 0, 2	0, 0, 0, 5	FST_VALUE
ND_6334268_1_2_3_4	 237	5, 0, 0, 0	0, 0, 0, 4	0, 0, 0, 5	FST_VALUE
ND_6334268_1_2_3_4	 254	0, 5, 0, 0	4, 0, 0, 0	5, 0, 0, 0	FST_VALUE
ND_6334268_1_2_3_4	 264	0, 0, 5, 0	0, 4, 0, 0	0, 5, 0, 0	FST_VALUE
ND_5713948_1_2_3_4	 222	0, 0, 0, 9	0, 5, 0, 19	0, 6, 0, 0	FST_VALUE
ND_5713948_1_2_3_4	 329	0, 0, 8, 0	0, 0, 18, 5	0, 0, 0, 5	FST_VALUE
ND_5713948_1_2_3_4	 334	0, 0, 0, 8	0, 0, 4, 18	0, 0, 5, 0	FST_VALUE
BC_8238122_1_2_3_4	 125	0, 0, 8, 0	0, 6, 0, 0	0, 5, 0, 0	FST_VALUE
BC_8238122_1_2_3_4	 126	0, 0, 0, 8	0, 1, 5, 0	0, 0, 5, 0	FST_VALUE
BC_8238122_1_2_3_4	 134	0, 8, 0, 0	0, 0, 0, 6	0, 0, 0, 5	FST_VALUE
BC_28959_1_2_3_4	 226	0, 0, 0, 5	1, 0, 0, 6	6, 0, 0, 0	FST_VALUE
BC_28959_1_2_3_4	 300	0, 0, 5, 0	1, 0, 6, 0	6, 0, 0, 0	FST_VALUE
BC_28959_1_2_3_4	 318	0, 5, 0, 0	0, 6, 0, 1	0, 0, 0, 6	FST_VALUE
BC_28959_1_2_3_4	 328	0, 0, 5, 0	0, 1, 6, 0	0, 6, 0, 0	FST_VALUE
BC_28959_1_2_3_4	 339	0, 0, 5, 0	0, 1, 6, 0	0, 6, 0, 0	FST_VALUE
NC_2008698_1_2_3_4	 145	0, 5, 0, 0	0, 1, 0, 4	0, 0, 0, 5	FST_VALUE
NC_2008698_1_2_3_4	 238	5, 0, 0, 0	1, 4, 0, 0	0, 6, 0, 0	FST_VALUE
ND_3688611_1_2_3_4	  77	0, 0, 0, 12	0, 2, 0, 36	0, 10, 0, 0	FST_VALUE
ND_3688611_1_2_3_4	 365	0, 0, 13, 0	0, 0, 0, 38	0, 0, 0, 10	FST_VALUE
NC_6034022_1_2_3_4	 112	0, 0, 0, 16	0, 0, 9, 0	0, 0, 20, 0	FST_VALUE
NC_5005003_1_2_3_4	 123	0, 5, 0, 0	0, 4, 0, 0	0, 0, 0, 5	FST_VALUE
NC_3067113_1_2_3_4	 405	0, 0, 10, 0	0, 0, 0, 1	0, 0, 0, 5	FST_VALUE
BC_7719059_1_2_3_4	  93	0, 0, 0, 6	6, 0, 0, 1	8, 0, 0, 0	FST_VALUE
ND_3638598_1_2_3_4	 188	0, 5, 0, 0	0, 3, 0, 3	0, 0, 0, 6	FST_VALUE
BC_5493191_1_2_3_4	 423	5, 0, 0, 0	1, 0, 0, 0	0, 0, 5, 0	FST_VALUE
BC_3532392_1_2_3_4	  92	0, 16, 0, 0	0, 0, 0, 5	0, 0, 0, 6	FST_VALUE
BC_3532392_1_2_3_4	 126	18, 0, 0, 0	3, 0, 2, 0	0, 0, 7, 0	FST_VALUE
ND_2661480_1_2_3_4	 141	5, 0, 0, 0	46, 0, 0, 0	0, 0, 5, 0	FST_VALUE
ND_2661480_1_2_3_4	 200	6, 0, 0, 0	46, 0, 0, 0	0, 0, 0, 5	FST_VALUE
ND_2661480_1_2_3_4	 201	6, 0, 0, 0	46, 0, 0, 0	0, 5, 0, 0	FST_VALUE
ND_2661480_1_2_3_4	 246	0, 5, 0, 0	0, 44, 0, 0	0, 0, 0, 5	FST_VALUE
ND_4183723_1_2_3_4	 137	0, 0, 5, 0	1, 0, 2, 1	5, 0, 0, 0	FST_VALUE
NC_2933167_1_2_3_4	 305	0, 0, 0, 5	0, 0, 2, 4	0, 0, 5, 0	FST_VALUE
NC_2933167_1_2_3_4	 316	5, 0, 0, 0	4, 2, 0, 0	0, 5, 0, 0	FST_VALUE
BC_6062481_1_2_3_4	 359	0, 0, 0, 7	2, 0, 0, 0	7, 0, 0, 0	FST_VALUE
NC_2855437_1_2_3_4	 601	0, 0, 0, 5	0, 3, 0, 1	0, 5, 0, 0	FST_VALUE
ND_1242070_1_2_3_4	 124	0, 0, 0, 7	0, 0, 21, 0	0, 0, 19, 0	FST_VALUE
ND_1242070_1_2_3_4	 125	0, 0, 7, 0	0, 0, 0, 6	0, 0, 0, 19	FST_VALUE
ND_1259540_1_2_3_4	 378	0, 0, 0, 5	4, 0, 0, 4	5, 0, 0, 0	FST_VALUE
BC_5397515_1_2_3_4	 155	0, 0, 6, 0	0, 0, 0, 1	0, 0, 0, 5	FST_VALUE
BC_5397515_1_2_3_4	 170	0, 5, 0, 0	0, 0, 1, 0	0, 0, 5, 0	FST_VALUE
ND_509238_1_2_3_4	 351	0, 0, 0, 6	0, 2, 0, 7	0, 5, 0, 0	FST_VALUE
ND_509238_1_2_3_4	 352	0, 0, 0, 6	0, 2, 0, 7	0, 5, 0, 0	FST_VALUE
ND_509238_1_2_3_4	 353	0, 6, 0, 0	2, 7, 0, 0	5, 0, 0, 0	FST_VALUE
ND_509238_1_2_3_4	 354	0, 0, 6, 0	2, 0, 7, 0	5, 0, 0, 0	FST_VALUE
ND_509238_1_2_3_4	 355	6, 0, 0, 0	7, 0, 2, 0	0, 0, 5, 0	FST_VALUE
ND_509238_1_2_3_4	 356	0, 0, 0, 6	2, 0, 0, 7	5, 0, 0, 0	FST_VALUE
ND_509238_1_2_3_4	 358	0, 0, 0, 6	0, 2, 0, 7	0, 5, 0, 0	FST_VALUE
BC_7640591_1_2_3_4	 555	5, 0, 0, 0	1, 0, 0, 0	0, 0, 0, 7	FST_VALUE
NC_2942746_1_2_3_4	 209	16, 0, 0, 0	0, 0, 0, 8	0, 0, 0, 7	FST_VALUE
ND_6803372_1_2_3_4	 346	0, 0, 5, 0	0, 3, 0, 0	0, 6, 0, 0	FST_VALUE
ND_6803372_1_2_3_4	 363	0, 0, 0, 5	0, 3, 0, 0	0, 6, 0, 0	FST_VALUE
NC_1124615_1_2_3_4	 275	0, 5, 0, 0	0, 0, 0, 4	0, 0, 0, 10	FST_VALUE
BC_8190320_1_2_3_4	 246	5, 0, 0, 0	0, 0, 1, 0	0, 0, 5, 0	FST_VALUE
BC_822523_1_2_3_4	 316	0, 0, 0, 5	2, 0, 0, 6	10, 0, 0, 0	FST_VALUE
BC_6830197_1_2_3_4	 308	0, 0, 0, 8	0, 0, 0, 6	0, 5, 0, 0	FST_VALUE
BC_6830197_1_2_3_4	 352	8, 0, 0, 0	5, 0, 1, 0	0, 0, 5, 0	FST_VALUE
NC_2834682_1_2_3_4	 490	0, 0, 7, 0	0, 0, 1, 0	0, 0, 0, 16	FST_VALUE
NC_2834682_1_2_3_4	 515	7, 0, 0, 0	1, 0, 0, 0	0, 0, 0, 20	FST_VALUE
NC_2834682_1_2_3_4	 571	0, 0, 6, 0	0, 0, 1, 0	0, 27, 0, 0	FST_VALUE
NC_2834682_1_2_3_4	 591	6, 0, 0, 0	1, 0, 0, 0	0, 28, 0, 0	FST_VALUE
BC_203578_1_2_3_4	 306	5, 0, 0, 0	5, 0, 0, 3	0, 0, 0, 9	FST_VALUE
BC_203578_1_2_3_4	 307	0, 0, 5, 0	0, 3, 5, 0	0, 9, 0, 0	FST_VALUE
BC_203578_1_2_3_4	 310	5, 0, 0, 0	5, 0, 3, 0	0, 0, 9, 0	FST_VALUE
BC_203578_1_2_3_4	 331	0, 0, 0, 5	0, 3, 0, 5	0, 9, 0, 0	FST_VALUE
NC_1435109_1_2_3_4	 420	0, 0, 0, 20	3, 0, 0, 0	5, 0, 0, 0	FST_VALUE
NC_1435109_1_2_3_4	 625	0, 0, 16, 0	3, 0, 1, 0	5, 0, 0, 0	FST_VALUE
NC_1435109_1_2_3_4	 627	0, 0, 0, 16	3, 0, 0, 1	5, 0, 0, 0	FST_VALUE
ND_2079243_1_2_3_4	 144	7, 0, 0, 0	2, 1, 0, 0	0, 6, 0, 0	FST_VALUE
ND_2079243_1_2_3_4	 209	8, 0, 0, 0	3, 0, 0, 1	0, 0, 0, 6	FST_VALUE
ND_5189698_1_2_3_4	 205	6, 0, 0, 0	8, 0, 0, 0	0, 0, 0, 8	FST_VALUE
BC_2609550_1_2_3_4	 509	0, 0, 137, 0	100, 0, 0, 0	101, 0, 0, 0	FST_VALUE
BC_308564_1_2_3_4	 147	0, 0, 0, 5	0, 0, 2, 5	0, 0, 7, 0	FST_VALUE
ND_1597106_1_2_3_4	 296	21, 0, 0, 0	1, 15, 0, 0	0, 22, 0, 0	FST_VALUE
BC_551078_1_2_3_4	 479	0, 0, 12, 0	0, 2, 0, 0	0, 7, 0, 0	FST_VALUE
BC_551078_1_2_3_4	 583	0, 18, 0, 0	0, 0, 0, 2	0, 0, 0, 12	FST_VALUE
BC_3115287_1_2_3_4	 479	0, 0, 6, 0	20, 0, 0, 0	20, 0, 0, 0	FST_VALUE
BC_3115287_1_2_3_4	 480	6, 0, 0, 0	2, 0, 1, 17	0, 0, 0, 20	FST_VALUE
BC_3115287_1_2_3_4	 481	0, 0, 0, 6	0, 0, 18, 2	0, 0, 20, 0	FST_VALUE
BC_6318067_1_2_3_4	1197	51, 0, 0, 0	0, 0, 0, 1	0, 0, 0, 6	FST_VALUE
BC_3132085_1_2_3_4	 104	7, 0, 0, 0	18, 0, 0, 0	0, 10, 0, 0	FST_VALUE
BC_3132085_1_2_3_4	 105	0, 7, 0, 0	0, 18, 0, 0	10, 0, 0, 0	FST_VALUE
BC_1372569_1_2_3_4	 304	5, 0, 0, 0	0, 0, 5, 0	0, 0, 5, 0	FST_VALUE
ND_4661417_1_2_3_4	  94	0, 0, 6, 0	0, 0, 7, 0	8, 0, 0, 0	FST_VALUE
BC_2764072_1_2_3_4	 958	0, 0, 9, 0	0, 20, 4, 0	0, 17, 0, 0	FST_VALUE
BC_2764072_1_2_3_4	1014	0, 10, 0, 0	0, 4, 0, 20	0, 0, 0, 17	FST_VALUE
BC_2764072_1_2_3_4	1025	0, 0, 0, 10	0, 0, 20, 4	0, 0, 17, 0	FST_VALUE
BC_2764072_1_2_3_4	1108	10, 0, 0, 0	4, 19, 0, 0	0, 18, 0, 0	FST_VALUE
BC_2764072_1_2_3_4	1172	0, 0, 9, 0	0, 0, 4, 18	0, 0, 0, 17	FST_VALUE
BC_2764072_1_2_3_4	1175	0, 9, 0, 0	0, 4, 0, 18	0, 0, 0, 17	FST_VALUE
BC_2764072_1_2_3_4	1208	0, 0, 0, 9	17, 0, 0, 4	16, 0, 0, 0	FST_VALUE
ND_3901313_1_2_3_4	 263	0, 0, 0, 7	15, 0, 0, 3	15, 0, 0, 0	FST_VALUE
ND_3901313_1_2_3_4	 267	0, 0, 0, 7	13, 0, 0, 3	15, 0, 0, 0	FST_VALUE
NC_2016478_1_2_3_4	 152	30, 0, 0, 0	0, 0, 2, 0	0, 0, 5, 0	FST_VALUE
NC_2016478_1_2_3_4	 154	0, 0, 30, 0	0, 0, 0, 2	0, 0, 0, 5	FST_VALUE
NC_2016478_1_2_3_4	 155	30, 0, 0, 0	0, 2, 0, 0	0, 5, 0, 0	FST_VALUE
NC_4568161_1_2_3_4	 103	0, 5, 0, 0	0, 3, 0, 2	0, 0, 0, 5	FST_VALUE
ND_2739954_1_2_3_4	 640	0, 0, 5, 0	1, 0, 0, 0	5, 0, 0, 0	FST_VALUE
ND_2739954_1_2_3_4	 643	0, 0, 5, 0	1, 0, 0, 0	5, 0, 0, 0	FST_VALUE
ND_2739954_1_2_3_4	 644	0, 0, 5, 0	1, 0, 0, 0	5, 0, 0, 0	FST_VALUE
ND_2739954_1_2_3_4	 646	0, 0, 0, 5	1, 0, 0, 0	5, 0, 0, 0	FST_VALUE
ND_2739954_1_2_3_4	 648	5, 0, 0, 0	0, 0, 0, 1	0, 0, 0, 5	FST_VALUE
ND_2739954_1_2_3_4	 649	5, 0, 0, 0	0, 1, 0, 0	0, 5, 0, 0	FST_VALUE
ND_2739954_1_2_3_4	 650	0, 0, 0, 5	1, 0, 0, 0	5, 0, 0, 0	FST_VALUE
ND_2739954_1_2_3_4	 652	0, 0, 0, 5	1, 0, 0, 0	5, 0, 0, 0	FST_VALUE
ND_2739954_1_2_3_4	 653	0, 5, 0, 0	0, 0, 1, 0	0, 0, 5, 0	FST_VALUE
ND_2739954_1_2_3_4	 654	0, 5, 0, 0	0, 0, 0, 1	0, 0, 0, 5	FST_VALUE
ND_2739954_1_2_3_4	 655	5, 0, 0, 0	0, 0, 0, 1	0, 0, 0, 6	FST_VALUE
ND_2739954_1_2_3_4	 658	0, 5, 0, 0	0, 0, 0, 1	0, 0, 0, 6	FST_VALUE
ND_2739954_1_2_3_4	 660	0, 0, 5, 0	1, 0, 0, 0	6, 0, 0, 0	FST_VALUE
ND_2739954_1_2_3_4	 661	0, 0, 5, 0	1, 0, 0, 0	6, 0, 0, 0	FST_VALUE
ND_2739954_1_2_3_4	 662	0, 0, 0, 5	0, 1, 0, 0	0, 6, 0, 0	FST_VALUE
ND_2739954_1_2_3_4	 663	0, 5, 0, 0	0, 0, 0, 1	0, 0, 0, 6	FST_VALUE
ND_2739954_1_2_3_4	 664	5, 0, 0, 0	0, 0, 1, 0	0, 0, 6, 0	FST_VALUE
ND_2739954_1_2_3_4	 665	0, 0, 5, 0	1, 0, 0, 0	6, 0, 0, 0	FST_VALUE
ND_2739954_1_2_3_4	 666	5, 0, 0, 0	0, 1, 0, 0	0, 6, 0, 0	FST_VALUE
ND_2739954_1_2_3_4	 667	0, 0, 5, 0	1, 0, 0, 0	6, 0, 0, 0	FST_VALUE
ND_2739954_1_2_3_4	 669	0, 0, 0, 5	0, 0, 1, 0	0, 0, 6, 0	FST_VALUE
ND_2739954_1_2_3_4	 671	0, 0, 0, 5	0, 1, 0, 0	0, 6, 0, 0	FST_VALUE
ND_2739954_1_2_3_4	 672	0, 0, 0, 5	0, 0, 1, 0	0, 0, 6, 0	FST_VALUE
ND_2739954_1_2_3_4	 675	0, 5, 0, 0	0, 0, 0, 1	0, 0, 0, 6	FST_VALUE
ND_2739954_1_2_3_4	 676	0, 0, 0, 5	0, 1, 0, 0	0, 6, 0, 0	FST_VALUE
ND_2739954_1_2_3_4	 677	0, 0, 5, 0	0, 0, 0, 1	0, 0, 0, 6	FST_VALUE
ND_2739954_1_2_3_4	 678	0, 5, 0, 0	1, 0, 0, 0	6, 0, 0, 0	FST_VALUE
ND_2739954_1_2_3_4	 679	0, 5, 0, 0	1, 0, 0, 0	6, 0, 0, 0	FST_VALUE
ND_2739954_1_2_3_4	 680	0, 5, 0, 0	0, 0, 0, 1	0, 0, 0, 6	FST_VALUE
ND_2739954_1_2_3_4	 683	5, 0, 0, 0	0, 0, 0, 1	0, 0, 0, 6	FST_VALUE
ND_2739954_1_2_3_4	 684	0, 0, 0, 5	0, 0, 1, 0	0, 0, 6, 0	FST_VALUE
ND_2739954_1_2_3_4	 685	0, 0, 5, 0	0, 0, 0, 1	0, 0, 0, 6	FST_VALUE
ND_2739954_1_2_3_4	 686	0, 0, 0, 5	1, 0, 0, 0	6, 0, 0, 0	FST_VALUE
ND_2739954_1_2_3_4	 687	0, 0, 5, 0	1, 0, 0, 0	6, 0, 0, 0	FST_VALUE
ND_2739954_1_2_3_4	 688	0, 0, 5, 0	0, 0, 0, 1	0, 0, 0, 6	FST_VALUE
ND_2739954_1_2_3_4	 689	0, 0, 5, 0	0, 1, 0, 0	0, 6, 0, 0	FST_VALUE
ND_2739954_1_2_3_4	 690	0, 5, 0, 0	0, 0, 1, 0	0, 0, 6, 0	FST_VALUE
ND_2739954_1_2_3_4	 691	0, 5, 0, 0	1, 0, 0, 0	6, 0, 0, 0	FST_VALUE
ND_2739954_1_2_3_4	 692	0, 5, 0, 0	0, 0, 0, 1	0, 0, 0, 6	FST_VALUE
ND_2739954_1_2_3_4	 693	5, 0, 0, 0	0, 0, 0, 1	0, 0, 0, 6	FST_VALUE
ND_2739954_1_2_3_4	 694	0, 0, 0, 5	0, 0, 1, 0	0, 0, 6, 0	FST_VALUE
ND_2739954_1_2_3_4	 698	0, 5, 0, 0	0, 0, 1, 0	0, 0, 6, 0	FST_VALUE
ND_2739954_1_2_3_4	 699	5, 0, 0, 0	0, 0, 1, 0	0, 0, 6, 0	FST_VALUE
ND_2739954_1_2_3_4	 705	5, 0, 0, 0	0, 0, 0, 1	0, 0, 0, 6	FST_VALUE
ND_2739954_1_2_3_4	 708	0, 0, 5, 0	0, 1, 0, 0	0, 6, 0, 0	FST_VALUE
ND_2739954_1_2_3_4	 710	0, 0, 0, 5	0, 0, 1, 0	0, 0, 6, 0	FST_VALUE
ND_2739954_1_2_3_4	 711	5, 0, 0, 0	0, 0, 0, 1	0, 0, 0, 6	FST_VALUE
ND_2739954_1_2_3_4	 713	0, 5, 0, 0	0, 0, 0, 1	0, 0, 0, 6	FST_VALUE
ND_2739954_1_2_3_4	 714	0, 0, 5, 0	1, 0, 0, 0	6, 0, 0, 0	FST_VALUE
ND_2739954_1_2_3_4	 718	5, 0, 0, 0	0, 0, 0, 1	0, 0, 0, 6	FST_VALUE
ND_2739954_1_2_3_4	 719	0, 5, 0, 0	1, 0, 0, 0	6, 0, 0, 0	FST_VALUE
ND_2739954_1_2_3_4	 720	5, 0, 0, 0	0, 1, 0, 0	0, 6, 0, 0	FST_VALUE
ND_2739954_1_2_3_4	 721	0, 0, 0, 5	1, 0, 0, 0	6, 0, 0, 0	FST_VALUE
ND_2739954_1_2_3_4	 723	0, 0, 5, 0	0, 1, 0, 0	0, 6, 0, 0	FST_VALUE
ND_2739954_1_2_3_4	 724	0, 0, 0, 5	1, 0, 0, 0	6, 0, 0, 0	FST_VALUE
ND_2739954_1_2_3_4	 725	0, 0, 0, 5	1, 0, 0, 0	6, 0, 0, 0	FST_VALUE
ND_2739954_1_2_3_4	 726	0, 5, 0, 0	0, 0, 1, 0	0, 0, 6, 0	FST_VALUE
ND_2739954_1_2_3_4	 729	5, 0, 0, 0	0, 0, 1, 0	0, 0, 6, 0	FST_VALUE
ND_2739954_1_2_3_4	 730	0, 0, 0, 5	0, 1, 0, 0	0, 6, 0, 0	FST_VALUE
ND_2739954_1_2_3_4	 731	0, 0, 5, 0	0, 1, 0, 0	0, 6, 0, 0	FST_VALUE
ND_2739954_1_2_3_4	 732	0, 0, 5, 0	1, 0, 0, 0	6, 0, 0, 0	FST_VALUE
ND_2739954_1_2_3_4	 733	0, 0, 5, 0	0, 0, 0, 1	0, 0, 0, 6	FST_VALUE
ND_2739954_1_2_3_4	 734	5, 0, 0, 0	0, 0, 0, 1	0, 0, 0, 6	FST_VALUE
ND_2739954_1_2_3_4	 737	0, 0, 5, 0	0, 0, 0, 1	0, 0, 0, 6	FST_VALUE
ND_2739954_1_2_3_4	 738	5, 0, 0, 0	0, 1, 0, 0	0, 6, 0, 0	FST_VALUE
ND_2739954_1_2_3_4	 741	0, 0, 0, 5	0, 1, 0, 0	0, 6, 0, 0	FST_VALUE
ND_2739954_1_2_3_4	 742	0, 5, 0, 0	0, 0, 1, 0	0, 0, 6, 0	FST_VALUE
ND_2739954_1_2_3_4	 743	0, 0, 0, 5	1, 0, 0, 0	6, 0, 0, 0	FST_VALUE
ND_2739954_1_2_3_4	 746	0, 5, 0, 0	1, 0, 0, 0	6, 0, 0, 0	FST_VALUE
ND_2739954_1_2_3_4	 747	5, 0, 0, 0	0, 0, 0, 1	0, 0, 0, 6	FST_VALUE
BC_2620071_1_2_3_4	 314	8, 0, 0, 0	7, 0, 0, 4	0, 0, 0, 8	FST_VALUE
BC_7899912_1_2_3_4	1362	0, 18, 0, 0	0, 0, 0, 8	0, 0, 0, 7	FST_VALUE
BC_7899912_1_2_3_4	1432	0, 0, 20, 0	0, 0, 0, 7	0, 0, 0, 6	FST_VALUE
BC_7899912_1_2_3_4	1449	0, 20, 0, 0	0, 0, 7, 0	6, 0, 0, 0	FST_VALUE
BC_7899912_1_2_3_4	1452	0, 0, 0, 20	7, 0, 0, 0	6, 0, 0, 0	FST_VALUE
BC_7899912_1_2_3_4	1459	20, 0, 0, 0	7, 0, 0, 0	0, 6, 0, 0	FST_VALUE
BC_7899912_1_2_3_4	1463	20, 0, 0, 0	7, 0, 0, 0	0, 0, 6, 0	FST_VALUE
BC_7899912_1_2_3_4	1466	0, 20, 0, 0	7, 0, 0, 0	0, 0, 0, 6	FST_VALUE
BC_7899912_1_2_3_4	1478	0, 0, 20, 0	7, 0, 0, 0	0, 6, 0, 0	FST_VALUE
BC_7899912_1_2_3_4	1482	0, 20, 0, 0	0, 0, 0, 7	0, 0, 0, 6	FST_VALUE
BC_7899912_1_2_3_4	1484	0, 20, 0, 0	0, 0, 0, 7	6, 0, 0, 0	FST_VALUE
BC_7899912_1_2_3_4	1490	0, 0, 21, 0	0, 0, 7, 0	6, 0, 0, 0	FST_VALUE
BC_7899912_1_2_3_4	1492	21, 0, 0, 0	7, 0, 0, 0	0, 0, 0, 6	FST_VALUE
BC_7899912_1_2_3_4	1494	21, 0, 0, 0	0, 0, 0, 7	0, 0, 6, 0	FST_VALUE
BC_7899912_1_2_3_4	1495	0, 0, 21, 0	0, 0, 0, 7	6, 0, 0, 0	FST_VALUE
NC_2962444_1_2_3_4	 288	0, 0, 14, 0	1, 0, 2, 0	5, 0, 0, 0	FST_VALUE
BC_4612952_1_2_3_4	 265	6, 0, 0, 0	1, 0, 0, 2	0, 0, 0, 7	FST_VALUE
NC_2921144_1_2_3_4	 197	0, 12, 0, 0	0, 0, 0, 1	0, 0, 0, 8	FST_VALUE
NC_2921144_1_2_3_4	 305	0, 0, 24, 0	1, 0, 0, 0	10, 0, 0, 0	FST_VALUE
BC_2492647_1_2_3_4	 371	0, 0, 0, 5	0, 0, 3, 0	0, 0, 5, 0	FST_VALUE
BC_4498293_1_2_3_4	 306	0, 0, 7, 0	2, 0, 2, 0	7, 0, 0, 0	FST_VALUE
BC_6301936_1_2_3_4	 983	16, 0, 0, 0	2, 0, 0, 0	0, 0, 8, 0	FST_VALUE
BC_6301936_1_2_3_4	 984	0, 0, 16, 0	2, 0, 0, 0	0, 0, 0, 8	FST_VALUE
BC_6301936_1_2_3_4	 986	0, 0, 17, 0	0, 0, 2, 0	8, 0, 0, 0	FST_VALUE
BC_6301936_1_2_3_4	 988	17, 0, 0, 0	2, 0, 0, 0	0, 0, 0, 8	FST_VALUE
BC_6301936_1_2_3_4	 989	0, 0, 0, 17	0, 2, 0, 0	0, 0, 8, 0	FST_VALUE
BC_6301936_1_2_3_4	 990	0, 0, 17, 0	2, 0, 0, 0	8, 0, 0, 0	FST_VALUE
BC_6301936_1_2_3_4	 992	17, 0, 0, 0	0, 0, 2, 0	0, 8, 0, 0	FST_VALUE
BC_6301936_1_2_3_4	 993	0, 17, 0, 0	0, 0, 2, 0	8, 0, 0, 0	FST_VALUE
BC_6301936_1_2_3_4	 994	17, 0, 0, 0	2, 0, 0, 0	0, 0, 8, 0	FST_VALUE
BC_6301936_1_2_3_4	 997	0, 0, 17, 0	2, 0, 0, 0	0, 8, 0, 0	FST_VALUE
BC_6301936_1_2_3_4	 998	0, 17, 0, 0	0, 2, 0, 0	0, 0, 0, 8	FST_VALUE
BC_6301936_1_2_3_4	 999	0, 0, 0, 17	2, 0, 0, 0	8, 0, 0, 0	FST_VALUE
BC_6301936_1_2_3_4	1001	17, 0, 0, 0	2, 0, 0, 0	0, 8, 0, 0	FST_VALUE
BC_6301936_1_2_3_4	1002	0, 17, 0, 0	0, 2, 0, 0	8, 0, 0, 0	FST_VALUE
BC_6301936_1_2_3_4	1005	18, 0, 0, 0	0, 0, 0, 2	0, 8, 0, 0	FST_VALUE
BC_6301936_1_2_3_4	1006	0, 18, 0, 0	0, 0, 0, 2	0, 0, 0, 8	FST_VALUE
BC_6301936_1_2_3_4	1007	0, 0, 0, 19	0, 0, 2, 0	0, 0, 8, 0	FST_VALUE
BC_6301936_1_2_3_4	1008	0, 0, 19, 0	0, 0, 2, 0	0, 0, 0, 8	FST_VALUE
BC_6301936_1_2_3_4	1010	0, 0, 0, 19	0, 0, 0, 2	0, 0, 8, 0	FST_VALUE
BC_6301936_1_2_3_4	1012	0, 0, 20, 0	2, 0, 0, 0	0, 0, 0, 8	FST_VALUE
BC_6301936_1_2_3_4	1014	0, 0, 0, 20	2, 0, 0, 0	8, 0, 0, 0	FST_VALUE
BC_6301936_1_2_3_4	1018	20, 0, 0, 0	0, 2, 0, 0	0, 0, 0, 8	FST_VALUE
BC_6301936_1_2_3_4	1020	0, 0, 0, 20	2, 0, 0, 0	0, 0, 8, 0	FST_VALUE
BC_6301936_1_2_3_4	1021	0, 0, 20, 0	0, 0, 2, 0	0, 8, 0, 0	FST_VALUE
BC_6301936_1_2_3_4	1022	0, 20, 0, 0	2, 0, 0, 0	0, 0, 8, 0	FST_VALUE
BC_6301936_1_2_3_4	1023	0, 0, 20, 0	0, 0, 0, 2	8, 0, 0, 0	FST_VALUE
BC_6301936_1_2_3_4	1024	20, 0, 0, 0	0, 0, 0, 2	0, 0, 8, 0	FST_VALUE
BC_6301936_1_2_3_4	1025	0, 0, 20, 0	0, 2, 0, 0	8, 0, 0, 0	FST_VALUE
BC_6301936_1_2_3_4	1026	20, 0, 0, 0	0, 0, 0, 2	0, 0, 0, 8	FST_VALUE
BC_6301936_1_2_3_4	1028	0, 0, 0, 20	2, 0, 0, 0	0, 8, 0, 0	FST_VALUE
BC_6301936_1_2_3_4	1029	0, 20, 0, 0	2, 0, 0, 0	0, 0, 0, 8	FST_VALUE
BC_6301936_1_2_3_4	1031	0, 0, 0, 20	0, 0, 0, 2	8, 0, 0, 0	FST_VALUE
BC_6301936_1_2_3_4	1034	20, 0, 0, 0	0, 0, 2, 0	0, 0, 0, 8	FST_VALUE
BC_6301936_1_2_3_4	1035	0, 0, 0, 20	0, 0, 2, 0	8, 0, 0, 0	FST_VALUE
BC_6301936_1_2_3_4	1036	20, 0, 0, 0	2, 0, 0, 0	0, 0, 0, 8	FST_VALUE
BC_6301936_1_2_3_4	1037	0, 0, 0, 20	0, 0, 2, 0	0, 0, 8, 0	FST_VALUE
BC_6301936_1_2_3_4	1039	0, 0, 20, 0	0, 0, 0, 2	8, 0, 0, 0	FST_VALUE
BC_6301936_1_2_3_4	1040	20, 0, 0, 0	0, 2, 0, 0	0, 0, 8, 0	FST_VALUE
BC_6301936_1_2_3_4	1041	0, 0, 20, 0	0, 2, 0, 0	0, 7, 0, 0	FST_VALUE
BC_6301936_1_2_3_4	1043	0, 0, 0, 20	2, 0, 0, 0	0, 7, 0, 0	FST_VALUE
BC_6301936_1_2_3_4	1045	0, 20, 0, 0	2, 0, 0, 0	0, 0, 7, 0	FST_VALUE
BC_6301936_1_2_3_4	1046	0, 0, 20, 0	0, 2, 0, 0	7, 0, 0, 0	FST_VALUE
BC_6301936_1_2_3_4	1050	0, 20, 0, 0	0, 0, 2, 0	0, 0, 0, 7	FST_VALUE
BC_6301936_1_2_3_4	1051	0, 0, 0, 20	2, 0, 0, 0	0, 7, 0, 0	FST_VALUE
BC_6301936_1_2_3_4	1052	0, 20, 0, 0	2, 0, 0, 0	0, 0, 7, 0	FST_VALUE
BC_6301936_1_2_3_4	1054	0, 0, 20, 0	0, 0, 2, 0	7, 0, 0, 0	FST_VALUE
BC_6301936_1_2_3_4	1056	20, 0, 0, 0	0, 0, 0, 2	0, 0, 0, 7	FST_VALUE
BC_6301936_1_2_3_4	1058	0, 20, 0, 0	0, 2, 0, 0	0, 0, 0, 7	FST_VALUE
BC_6301936_1_2_3_4	1060	0, 0, 0, 20	0, 0, 0, 2	0, 0, 7, 0	FST_VALUE
BC_6301936_1_2_3_4	1061	0, 0, 20, 0	0, 0, 0, 2	0, 7, 0, 0	FST_VALUE
BC_6301936_1_2_3_4	1062	0, 20, 0, 0	1, 0, 0, 1	0, 0, 7, 0	FST_VALUE
BC_6301936_1_2_3_4	1063	0, 0, 20, 0	0, 2, 0, 0	0, 0, 0, 7	FST_VALUE
BC_6301936_1_2_3_4	1065	0, 0, 0, 20	2, 0, 0, 0	7, 0, 0, 0	FST_VALUE
BC_6301936_1_2_3_4	1066	20, 0, 0, 0	0, 0, 0, 2	0, 7, 0, 0	FST_VALUE
BC_6301936_1_2_3_4	1069	20, 0, 0, 0	0, 0, 2, 0	0, 0, 0, 7	FST_VALUE
BC_6301936_1_2_3_4	1072	0, 0, 0, 20	0, 0, 0, 2	0, 0, 7, 0	FST_VALUE
BC_6301936_1_2_3_4	1074	0, 0, 20, 0	0, 2, 0, 0	7, 0, 0, 0	FST_VALUE
BC_6301936_1_2_3_4	1075	20, 0, 0, 0	2, 0, 0, 0	0, 0, 0, 7	FST_VALUE
BC_6301936_1_2_3_4	1077	0, 0, 0, 20	2, 0, 0, 0	0, 7, 0, 0	FST_VALUE
BC_6301936_1_2_3_4	1078	0, 20, 0, 0	2, 0, 0, 0	7, 0, 0, 0	FST_VALUE
BC_6301936_1_2_3_4	1079	20, 0, 0, 0	2, 0, 0, 0	0, 7, 0, 0	FST_VALUE
BC_6301936_1_2_3_4	1080	0, 20, 0, 0	0, 0, 2, 0	7, 0, 0, 0	FST_VALUE
BC_6301936_1_2_3_4	1083	20, 0, 0, 0	0, 0, 0, 2	0, 0, 7, 0	FST_VALUE
BC_6301936_1_2_3_4	1085	0, 0, 20, 0	0, 0, 0, 2	0, 0, 0, 7	FST_VALUE
BC_6301936_1_2_3_4	1087	0, 0, 0, 20	0, 0, 2, 0	0, 7, 0, 0	FST_VALUE
BC_6301936_1_2_3_4	1088	0, 20, 0, 0	2, 0, 0, 0	0, 0, 0, 7	FST_VALUE
BC_6301936_1_2_3_4	1089	0, 0, 0, 20	2, 0, 0, 0	0, 7, 0, 0	FST_VALUE
BC_6301936_1_2_3_4	1091	0, 0, 20, 0	2, 0, 0, 0	7, 0, 0, 0	FST_VALUE
BC_6301936_1_2_3_4	1095	20, 0, 0, 0	0, 0, 2, 0	0, 0, 0, 7	FST_VALUE
BC_6301936_1_2_3_4	1096	0, 0, 0, 20	0, 0, 0, 2	0, 0, 7, 0	FST_VALUE
BC_6301936_1_2_3_4	1098	20, 0, 0, 0	0, 2, 0, 0	0, 0, 7, 0	FST_VALUE
BC_6301936_1_2_3_4	1100	0, 0, 0, 20	0, 0, 2, 0	7, 0, 0, 0	FST_VALUE
BC_6301936_1_2_3_4	1102	0, 20, 0, 0	2, 0, 0, 0	0, 0, 7, 0	FST_VALUE
BC_6301936_1_2_3_4	1103	0, 0, 20, 0	2, 0, 0, 0	7, 0, 0, 0	FST_VALUE
BC_6301936_1_2_3_4	1107	20, 0, 0, 0	0, 2, 0, 0	0, 0, 0, 7	FST_VALUE
BC_6301936_1_2_3_4	1108	0, 0, 0, 20	2, 0, 0, 0	7, 0, 0, 0	FST_VALUE
BC_6301936_1_2_3_4	1109	20, 0, 0, 0	2, 0, 0, 0	0, 0, 0, 7	FST_VALUE
BC_6301936_1_2_3_4	1110	0, 0, 0, 20	0, 0, 0, 2	0, 0, 7, 0	FST_VALUE
BC_6301936_1_2_3_4	1111	0, 0, 20, 0	2, 0, 0, 0	7, 0, 0, 0	FST_VALUE
BC_6301936_1_2_3_4	1112	20, 0, 0, 0	0, 2, 0, 0	0, 0, 7, 0	FST_VALUE
BC_6301936_1_2_3_4	1113	0, 0, 20, 0	0, 0, 2, 0	0, 0, 0, 7	FST_VALUE
BC_6301936_1_2_3_4	1114	0, 0, 0, 20	2, 0, 0, 0	7, 0, 0, 0	FST_VALUE
BC_6301936_1_2_3_4	1115	20, 0, 0, 0	2, 0, 0, 0	0, 7, 0, 0	FST_VALUE
BC_6301936_1_2_3_4	1116	0, 20, 0, 0	0, 0, 0, 2	0, 0, 7, 0	FST_VALUE
BC_6301936_1_2_3_4	1117	0, 0, 20, 0	0, 0, 0, 2	7, 0, 0, 0	FST_VALUE
BC_6301936_1_2_3_4	1119	20, 0, 0, 0	0, 0, 0, 2	0, 0, 0, 7	FST_VALUE
BC_6301936_1_2_3_4	1123	0, 0, 0, 20	0, 0, 2, 0	0, 0, 7, 0	FST_VALUE
BC_6301936_1_2_3_4	1124	0, 0, 20, 0	0, 2, 0, 0	7, 0, 0, 0	FST_VALUE
BC_6301936_1_2_3_4	1125	0, 20, 0, 0	0, 2, 0, 0	7, 0, 0, 0	FST_VALUE
BC_6301936_1_2_3_4	1126	0, 20, 0, 0	0, 2, 0, 0	0, 0, 7, 0	FST_VALUE
BC_6301936_1_2_3_4	1128	20, 0, 0, 0	0, 2, 0, 0	0, 6, 0, 0	FST_VALUE
BC_6301936_1_2_3_4	1131	0, 0, 20, 0	0, 0, 0, 2	0, 6, 0, 0	FST_VALUE
BC_6301936_1_2_3_4	1132	0, 0, 0, 20	0, 0, 0, 2	6, 0, 0, 0	FST_VALUE
BC_6301936_1_2_3_4	1135	20, 0, 0, 0	2, 0, 0, 0	0, 0, 0, 6	FST_VALUE
BC_6301936_1_2_3_4	1136	20, 0, 0, 0	0, 2, 0, 0	0, 0, 0, 6	FST_VALUE
BC_6301936_1_2_3_4	1137	0, 20, 0, 0	2, 0, 0, 0	6, 0, 0, 0	FST_VALUE
BC_831792_1_2_3_4	 295	0, 0, 0, 17	0, 0, 3, 0	0, 0, 5, 0	FST_VALUE
BC_5615048_1_2_3_4	 140	0, 7, 0, 0	0, 1, 2, 0	0, 0, 5, 0	FST_VALUE
BC_6957170_1_2_3_4	  79	5, 0, 0, 0	2, 2, 0, 0	0, 6, 0, 0	FST_VALUE
BC_6957170_1_2_3_4	  92	0, 0, 0, 5	2, 0, 0, 2	6, 0, 0, 0	FST_VALUE
BC_6957170_1_2_3_4	 115	0, 0, 5, 0	2, 0, 2, 0	6, 0, 0, 0	FST_VALUE
BC_6957170_1_2_3_4	 293	0, 0, 0, 6	2, 0, 0, 2	6, 0, 0, 0	FST_VALUE
BC_6957170_1_2_3_4	 338	6, 0, 0, 0	2, 0, 2, 0	0, 0, 6, 0	FST_VALUE
ND_180274_1_2_3_4	 211	0, 20, 0, 0	1, 1, 0, 0	13, 0, 0, 0	FST_VALUE
ND_6136479_1_2_3_4	1102	0, 0, 7, 0	0, 0, 2, 0	7, 0, 0, 0	FST_VALUE
ND_6136479_1_2_3_4	1105	7, 0, 0, 0	2, 0, 0, 0	0, 0, 7, 0	FST_VALUE
ND_6136479_1_2_3_4	1106	7, 0, 0, 0	2, 0, 0, 0	0, 0, 0, 7	FST_VALUE
ND_6136479_1_2_3_4	1107	0, 7, 0, 0	0, 2, 0, 0	7, 0, 0, 0	FST_VALUE
ND_6136479_1_2_3_4	1108	0, 0, 0, 7	0, 0, 0, 2	7, 0, 0, 0	FST_VALUE
ND_6136479_1_2_3_4	1112	0, 0, 7, 0	0, 0, 2, 0	7, 0, 0, 0	FST_VALUE
ND_6136479_1_2_3_4	1113	0, 0, 0, 7	0, 0, 0, 2	0, 7, 0, 0	FST_VALUE
ND_6136479_1_2_3_4	1114	0, 0, 7, 0	0, 0, 2, 0	0, 0, 0, 7	FST_VALUE
ND_6136479_1_2_3_4	1116	0, 0, 7, 0	0, 0, 2, 0	0, 0, 0, 7	FST_VALUE
ND_6136479_1_2_3_4	1117	7, 0, 0, 0	2, 0, 0, 0	0, 0, 7, 0	FST_VALUE
ND_6136479_1_2_3_4	1118	0, 7, 0, 0	0, 2, 0, 0	0, 0, 7, 0	FST_VALUE
ND_6136479_1_2_3_4	1120	0, 0, 0, 7	0, 0, 0, 2	7, 0, 0, 0	FST_VALUE
ND_6136479_1_2_3_4	1121	0, 0, 7, 0	0, 0, 2, 0	0, 7, 0, 0	FST_VALUE
ND_6136479_1_2_3_4	1122	7, 0, 0, 0	2, 0, 0, 0	0, 0, 7, 0	FST_VALUE
ND_6136479_1_2_3_4	1123	7, 0, 0, 0	2, 0, 0, 0	0, 0, 0, 7	FST_VALUE
ND_6136479_1_2_3_4	1124	0, 7, 0, 0	0, 2, 0, 0	0, 0, 7, 0	FST_VALUE
ND_6136479_1_2_3_4	1126	0, 0, 0, 6	0, 0, 0, 2	7, 0, 0, 0	FST_VALUE
ND_6136479_1_2_3_4	1127	6, 0, 0, 0	2, 0, 0, 0	0, 7, 0, 0	FST_VALUE
ND_6136479_1_2_3_4	1128	0, 6, 0, 0	0, 2, 0, 0	7, 0, 0, 0	FST_VALUE
ND_6136479_1_2_3_4	1129	5, 0, 0, 0	2, 0, 0, 0	0, 0, 0, 7	FST_VALUE
ND_6136479_1_2_3_4	1130	0, 0, 5, 0	0, 0, 2, 0	7, 0, 0, 0	FST_VALUE
ND_6136479_1_2_3_4	1131	0, 0, 0, 5	0, 0, 0, 2	0, 7, 0, 0	FST_VALUE
ND_6136479_1_2_3_4	1132	0, 0, 5, 0	0, 0, 2, 0	7, 0, 0, 0	FST_VALUE
ND_6136479_1_2_3_4	1133	0, 0, 0, 5	0, 0, 0, 2	0, 0, 7, 0	FST_VALUE
ND_6136479_1_2_3_4	1134	0, 0, 5, 0	0, 0, 2, 0	0, 0, 0, 7	FST_VALUE
ND_6136479_1_2_3_4	1135	5, 0, 0, 0	2, 0, 0, 0	0, 0, 7, 0	FST_VALUE
ND_6136479_1_2_3_4	1137	0, 5, 0, 0	0, 2, 0, 0	0, 0, 7, 0	FST_VALUE
BC_1495792_1_2_3_4	 278	0, 5, 0, 0	0, 1, 0, 0	0, 0, 0, 5	FST_VALUE
BC_1495792_1_2_3_4	 313	0, 5, 0, 0	0, 1, 0, 0	0, 0, 0, 6	FST_VALUE
BC_1495792_1_2_3_4	 323	0, 5, 0, 0	0, 1, 0, 0	7, 0, 0, 0	FST_VALUE
BC_1495792_1_2_3_4	 356	0, 5, 0, 0	0, 1, 0, 0	0, 0, 0, 8	FST_VALUE
ND_2085651_1_2_3_4	 241	0, 0, 19, 0	0, 4, 16, 0	0, 5, 0, 0	FST_VALUE
BC_6313949_1_2_3_4	 207	9, 0, 0, 0	1, 0, 0, 4	0, 0, 0, 13	FST_VALUE
BC_6313949_1_2_3_4	 208	0, 0, 0, 9	5, 0, 0, 1	13, 0, 0, 0	FST_VALUE
BC_6313949_1_2_3_4	 209	0, 0, 9, 0	0, 0, 1, 5	0, 0, 0, 13	FST_VALUE
BC_6313949_1_2_3_4	 210	9, 0, 0, 0	1, 0, 5, 0	0, 0, 13, 0	FST_VALUE
BC_6313949_1_2_3_4	 211	0, 0, 0, 7	5, 0, 0, 1	13, 0, 0, 0	FST_VALUE
BC_1531619_1_2_3_4	 158	6, 0, 0, 0	2, 0, 0, 3	0, 0, 0, 6	FST_VALUE
BC_2857349_1_2_3_4	 853	0, 0, 8, 0	0, 0, 1, 0	13, 0, 0, 0	FST_VALUE
BC_2857349_1_2_3_4	 860	0, 0, 0, 8	0, 0, 0, 1	14, 0, 0, 0	FST_VALUE
BC_2857349_1_2_3_4	 875	8, 0, 0, 0	1, 0, 0, 0	0, 0, 0, 14	FST_VALUE
BC_2857349_1_2_3_4	 880	0, 0, 0, 8	0, 0, 0, 1	14, 0, 0, 0	FST_VALUE
BC_2857349_1_2_3_4	 902	0, 9, 0, 0	0, 1, 0, 0	0, 0, 0, 14	FST_VALUE
BC_2857349_1_2_3_4	 908	0, 9, 0, 0	1, 0, 0, 0	14, 0, 0, 0	FST_VALUE
BC_2857349_1_2_3_4	 912	0, 9, 0, 0	0, 1, 0, 0	0, 0, 14, 0	FST_VALUE
BC_2857349_1_2_3_4	 917	9, 0, 0, 0	1, 0, 0, 0	0, 14, 0, 0	FST_VALUE
BC_2857349_1_2_3_4	 919	9, 0, 0, 0	1, 0, 0, 0	0, 14, 0, 0	FST_VALUE
BC_2857349_1_2_3_4	 946	0, 10, 0, 0	0, 1, 0, 0	0, 0, 13, 0	FST_VALUE
BC_2857349_1_2_3_4	 966	10, 0, 0, 0	1, 0, 0, 0	0, 0, 0, 13	FST_VALUE
BC_2857349_1_2_3_4	 979	0, 0, 10, 0	0, 0, 1, 0	0, 0, 0, 12	FST_VALUE
BC_2857349_1_2_3_4	 980	10, 0, 0, 0	1, 0, 0, 0	0, 0, 12, 0	FST_VALUE
BC_2857349_1_2_3_4	 991	10, 0, 0, 0	1, 0, 0, 0	0, 0, 0, 12	FST_VALUE
BC_2857349_1_2_3_4	 993	0, 0, 0, 10	0, 0, 0, 1	0, 0, 12, 0	FST_VALUE
BC_2857349_1_2_3_4	 994	0, 10, 0, 0	0, 1, 0, 0	0, 0, 0, 12	FST_VALUE
BC_2857349_1_2_3_4	 997	0, 0, 0, 10	0, 0, 0, 1	0, 12, 0, 0	FST_VALUE
BC_2857349_1_2_3_4	1002	10, 0, 0, 0	1, 0, 0, 0	0, 0, 0, 12	FST_VALUE
BC_2857349_1_2_3_4	1006	10, 0, 0, 0	1, 0, 0, 0	0, 0, 0, 12	FST_VALUE
BC_2857349_1_2_3_4	1012	0, 0, 10, 0	0, 0, 1, 0	12, 0, 0, 0	FST_VALUE
BC_2857349_1_2_3_4	1023	10, 0, 0, 0	1, 0, 0, 0	0, 12, 0, 0	FST_VALUE
BC_2857349_1_2_3_4	1030	0, 10, 0, 0	0, 1, 0, 0	12, 0, 0, 0	FST_VALUE
BC_2857349_1_2_3_4	1034	0, 10, 0, 0	0, 1, 0, 0	0, 0, 12, 0	FST_VALUE
BC_2857349_1_2_3_4	1040	0, 0, 0, 10	0, 0, 0, 1	0, 12, 0, 0	FST_VALUE
BC_2857349_1_2_3_4	1042	10, 0, 0, 0	1, 0, 0, 0	0, 0, 11, 0	FST_VALUE
BC_2857349_1_2_3_4	1061	0, 0, 0, 10	0, 0, 0, 1	11, 0, 0, 0	FST_VALUE
BC_2857349_1_2_3_4	1066	0, 8, 0, 0	0, 1, 0, 0	0, 0, 0, 11	FST_VALUE
BC_5418779_1_2_3_4	1174	0, 0, 8, 0	0, 0, 2, 0	6, 0, 0, 0	FST_VALUE
BC_218217_1_2_3_4	 112	0, 0, 0, 5	0, 4, 0, 1	0, 6, 0, 0	FST_VALUE
NC_4373017_1_2_3_4	 189	7, 0, 0, 0	4, 2, 0, 0	0, 5, 0, 0	FST_VALUE
BC_213556_1_2_3_4	 309	0, 10, 0, 0	4, 5, 0, 1	6, 0, 0, 0	FST_VALUE
BC_213556_1_2_3_4	 376	0, 0, 0, 9	0, 3, 0, 4	0, 6, 0, 0	FST_VALUE
NC_617433_1_2_3_4	 298	0, 0, 0, 7	0, 3, 0, 1	0, 7, 0, 0	FST_VALUE
ND_3844704_1_2_3_4	 291	0, 0, 0, 6	0, 1, 0, 2	6, 0, 0, 0	FST_VALUE
NC_5842205_1_2_3_4	 543	0, 0, 8, 0	1, 0, 0, 0	6, 0, 0, 0	FST_VALUE
NC_5842205_1_2_3_4	 658	48, 0, 0, 0	5, 0, 0, 1	0, 0, 0, 6	FST_VALUE
BC_6820882_1_2_3_4	 170	0, 0, 6, 0	0, 0, 6, 0	5, 0, 0, 0	FST_VALUE
BC_6820882_1_2_3_4	 182	0, 0, 5, 0	0, 0, 6, 0	5, 0, 0, 0	FST_VALUE
BC_6820882_1_2_3_4	 247	0, 0, 0, 5	0, 0, 0, 6	0, 5, 0, 0	FST_VALUE
BC_6820882_1_2_3_4	 256	0, 0, 5, 0	0, 0, 6, 0	0, 5, 0, 0	FST_VALUE
BC_4896473_1_2_3_4	 146	0, 0, 8, 0	0, 0, 2, 2	0, 0, 0, 6	FST_VALUE
BC_4804998_1_2_3_4	 310	6, 0, 0, 0	4, 0, 0, 0	0, 0, 5, 0	FST_VALUE
NC_3047602_1_2_3_4	 328	0, 5, 0, 0	0, 1, 0, 1	0, 0, 0, 5	FST_VALUE
BC_2192609_1_2_3_4	 686	0, 0, 0, 5	2, 0, 0, 0	6, 0, 0, 0	FST_VALUE
BC_2192609_1_2_3_4	 691	0, 0, 0, 5	0, 2, 0, 0	0, 6, 0, 0	FST_VALUE
BC_132116_1_2_3_4	 231	0, 0, 6, 0	0, 3, 4, 0	0, 7, 0, 0	FST_VALUE
BC_132116_1_2_3_4	 298	0, 6, 0, 0	3, 4, 0, 0	7, 0, 0, 0	FST_VALUE
ND_952216_1_2_3_4	 371	0, 12, 0, 0	0, 65, 0, 0	13, 0, 0, 0	FST_VALUE
BC_1691230_1_2_3_4	 347	0, 0, 5, 0	7, 0, 2, 0	6, 0, 0, 0	FST_VALUE
ND_4370893_1_2_3_4	 739	0, 0, 0, 17	0, 16, 0, 1	0, 13, 0, 0	FST_VALUE
BC_1666634_1_2_3_4	 242	6, 0, 0, 0	0, 0, 2, 0	0, 0, 6, 0	FST_VALUE
ND_2864168_1_2_3_4	 252	0, 0, 7, 0	3, 0, 13, 0	16, 0, 0, 0	FST_VALUE
ND_2864168_1_2_3_4	 289	0, 6, 0, 0	0, 12, 0, 4	0, 0, 0, 16	FST_VALUE
ND_2864168_1_2_3_4	 318	0, 6, 0, 0	0, 12, 0, 2	0, 0, 0, 15	FST_VALUE
ND_2864168_1_2_3_4	 329	0, 6, 0, 0	0, 12, 0, 2	0, 0, 0, 15	FST_VALUE
BC_2840137_1_2_3_4	 658	0, 14, 0, 0	0, 15, 10, 0	0, 0, 8, 0	FST_VALUE
BC_2840137_1_2_3_4	 726	0, 0, 14, 0	11, 0, 15, 0	7, 0, 0, 0	FST_VALUE
BC_2840137_1_2_3_4	 879	11, 0, 0, 0	13, 10, 0, 0	0, 7, 0, 0	FST_VALUE
ND_6865598_1_2_3_4	  77	22, 0, 0, 0	0, 0, 6, 0	0, 0, 5, 0	FST_VALUE
BC_7624109_1_2_3_4	  61	7, 0, 0, 0	1, 0, 0, 1	0, 0, 0, 5	FST_VALUE
BC_1111080_1_2_3_4	 363	0, 0, 6, 0	0, 0, 2, 9	0, 0, 0, 9	FST_VALUE
BC_1111080_1_2_3_4	 375	0, 6, 0, 0	0, 2, 0, 9	0, 0, 0, 9	FST_VALUE
NC_7480653_1_2_3_4	 238	0, 0, 0, 13	0, 0, 0, 2	0, 27, 0, 0	FST_VALUE
NC_7480653_1_2_3_4	 239	0, 13, 0, 0	0, 0, 0, 2	0, 0, 0, 26	FST_VALUE
NC_1956608_1_2_3_4	 927	6, 0, 0, 0	6, 0, 0, 1	0, 0, 0, 5	FST_VALUE
BC_2496354_1_2_3_4	 244	6, 0, 0, 0	1, 0, 7, 0	0, 0, 6, 0	FST_VALUE
BC_2496354_1_2_3_4	 248	0, 0, 6, 0	5, 0, 1, 0	6, 0, 0, 0	FST_VALUE
BC_2988902_1_2_3_4	  93	5, 0, 0, 0	0, 0, 9, 0	0, 0, 6, 0	FST_VALUE
BC_2988902_1_2_3_4	 174	5, 0, 0, 0	0, 0, 9, 0	0, 0, 6, 0	FST_VALUE
BC_2991770_1_2_3_4	 207	6, 0, 0, 0	0, 0, 0, 1	0, 0, 0, 7	FST_VALUE
BC_2991770_1_2_3_4	 208	0, 0, 0, 6	1, 0, 0, 0	7, 0, 0, 0	FST_VALUE
BC_1154956_1_2_3_4	  24	0, 7, 0, 0	0, 3, 0, 3	0, 0, 0, 7	FST_VALUE
BC_1154956_1_2_3_4	  88	0, 0, 7, 0	3, 0, 4, 0	8, 0, 0, 0	FST_VALUE
ND_7122017_1_2_3_4	 262	5, 0, 0, 0	3, 1, 0, 3	0, 0, 0, 6	FST_VALUE
ND_2054248_1_2_3_4	 138	0, 0, 6, 0	1, 0, 7, 0	6, 0, 0, 0	FST_VALUE
BC_3889437_1_2_3_4	 138	0, 0, 0, 7	4, 0, 0, 0	7, 0, 0, 0	FST_VALUE
BC_3889437_1_2_3_4	 139	0, 7, 0, 0	0, 0, 0, 4	0, 0, 0, 7	FST_VALUE
BC_4084272_1_2_3_4	 425	0, 0, 0, 9	0, 0, 0, 2	0, 21, 0, 0	FST_VALUE
NC_2411154_1_2_3_4	 334	0, 8, 0, 0	0, 2, 5, 0	0, 0, 6, 0	FST_VALUE
ND_3686025_1_2_3_4	 266	0, 0, 0, 15	0, 58, 0, 1	0, 13, 0, 0	FST_VALUE
NC_4787834_1_2_3_4	 229	0, 5, 0, 0	4, 2, 0, 0	8, 0, 0, 0	FST_VALUE
NC_2076174_1_2_3_4	 174	0, 0, 0, 64	0, 0, 0, 90	0, 0, 13, 0	FST_VALUE
NC_2076174_1_2_3_4	 289	0, 0, 0, 73	0, 0, 0, 94	14, 0, 0, 0	FST_VALUE
NC_2076174_1_2_3_4	 338	0, 0, 0, 74	1, 0, 0, 93	0, 13, 0, 0	FST_VALUE
NC_2076174_1_2_3_4	 438	0, 0, 0, 68	0, 0, 0, 86	0, 0, 13, 0	FST_VALUE
BC_3564976_1_2_3_4	 343	24, 0, 0, 0	27, 0, 0, 0	0, 0, 25, 0	FST_VALUE
BC_3564976_1_2_3_4	 345	0, 0, 0, 24	1, 0, 0, 26	25, 0, 0, 0	FST_VALUE
BC_3564976_1_2_3_4	 346	24, 0, 0, 0	26, 0, 0, 1	0, 0, 0, 25	FST_VALUE
BC_1837123_1_2_3_4	 195	0, 0, 0, 5	0, 0, 0, 3	0, 5, 0, 0	FST_VALUE
BC_1837123_1_2_3_4	 202	0, 0, 0, 5	0, 0, 0, 3	0, 5, 0, 0	FST_VALUE
BC_1837123_1_2_3_4	 268	5, 0, 0, 0	3, 0, 0, 0	0, 0, 0, 5	FST_VALUE
BC_1837123_1_2_3_4	 344	0, 0, 5, 0	0, 0, 2, 0	5, 0, 0, 0	FST_VALUE
BC_4799909_1_2_3_4	 237	0, 9, 0, 0	0, 0, 0, 30	0, 0, 0, 17	FST_VALUE
NC_407255_1_2_3_4	 484	0, 21, 0, 0	0, 7, 0, 0	0, 0, 0, 6	FST_VALUE
BC_104482_1_2_3_4	 406	0, 0, 6, 0	0, 0, 1, 0	0, 7, 0, 0	FST_VALUE
NC_5958858_1_2_3_4	 602	0, 0, 26, 0	24, 0, 0, 0	61, 0, 0, 0	FST_VALUE
NC_3580001_1_2_3_4	 592	0, 0, 5, 0	0, 2, 1, 0	0, 5, 0, 0	FST_VALUE
BC_2821171_1_2_3_4	  94	0, 0, 5, 0	3, 0, 0, 0	5, 0, 0, 0	FST_VALUE
BC_2821171_1_2_3_4	  95	0, 5, 0, 0	0, 0, 3, 0	0, 0, 5, 0	FST_VALUE
ND_1018271_1_2_3_4	 154	5, 0, 0, 0	8, 0, 0, 1	0, 0, 0, 6	FST_VALUE
ND_1371207_1_2_3_4	  59	11, 0, 0, 0	1, 0, 15, 0	0, 0, 10, 0	FST_VALUE
ND_5177061_1_2_3_4	  82	0, 0, 0, 5	0, 0, 0, 1	5, 0, 0, 0	FST_VALUE
ND_658083_1_2_3_4	 427	0, 0, 5, 0	3, 0, 3, 0	6, 0, 0, 0	FST_VALUE
NC_6104832_1_2_3_4	 114	0, 0, 0, 6	0, 6, 0, 1	0, 5, 0, 0	FST_VALUE
NC_6104832_1_2_3_4	 288	0, 0, 0, 5	0, 0, 5, 1	0, 0, 5, 0	FST_VALUE
BC_3462293_1_2_3_4	 340	5, 0, 0, 0	3, 0, 0, 5	0, 0, 0, 20	FST_VALUE
BC_2860559_1_2_3_4	 448	13, 0, 0, 0	7, 0, 0, 2	0, 0, 0, 24	FST_VALUE
NC_2641421_1_2_3_4	 792	0, 6, 0, 0	0, 0, 0, 5	0, 0, 0, 6	FST_VALUE
NC_2641421_1_2_3_4	 793	0, 0, 0, 6	0, 5, 0, 0	0, 6, 0, 0	FST_VALUE
NC_2641421_1_2_3_4	 794	0, 6, 0, 0	0, 0, 1, 4	0, 0, 0, 6	FST_VALUE
NC_2641421_1_2_3_4	 795	0, 0, 6, 0	0, 5, 0, 0	0, 6, 0, 0	FST_VALUE
NC_2641421_1_2_3_4	 796	0, 6, 0, 0	0, 1, 4, 0	0, 0, 6, 0	FST_VALUE
NC_2641421_1_2_3_4	 800	0, 6, 0, 0	0, 1, 4, 0	0, 0, 6, 0	FST_VALUE
NC_2641421_1_2_3_4	 802	6, 0, 0, 0	0, 4, 0, 1	0, 6, 0, 0	FST_VALUE
NC_2641421_1_2_3_4	 803	0, 0, 0, 6	4, 0, 1, 0	6, 0, 0, 0	FST_VALUE
NC_2641421_1_2_3_4	 804	0, 0, 6, 0	0, 1, 0, 4	0, 0, 0, 6	FST_VALUE
NC_2641421_1_2_3_4	 805	0, 6, 0, 0	1, 0, 4, 0	0, 0, 6, 0	FST_VALUE
NC_2641421_1_2_3_4	 806	6, 0, 0, 0	0, 4, 0, 1	0, 6, 0, 0	FST_VALUE
NC_2641421_1_2_3_4	 807	0, 0, 0, 6	4, 1, 0, 0	6, 0, 0, 0	FST_VALUE
NC_2641421_1_2_3_4	 810	0, 0, 6, 0	1, 0, 0, 4	0, 0, 0, 6	FST_VALUE
NC_2641421_1_2_3_4	 811	6, 0, 0, 0	1, 0, 4, 0	0, 0, 6, 0	FST_VALUE
NC_2641421_1_2_3_4	 813	0, 0, 6, 0	5, 0, 0, 0	6, 0, 0, 0	FST_VALUE
NC_2641421_1_2_3_4	 814	6, 0, 0, 0	0, 1, 4, 0	0, 0, 6, 0	FST_VALUE
NC_2641421_1_2_3_4	 815	0, 0, 6, 0	4, 0, 1, 0	6, 0, 0, 0	FST_VALUE
NC_2641421_1_2_3_4	 818	6, 0, 0, 0	0, 1, 4, 0	0, 0, 6, 0	FST_VALUE
NC_2641421_1_2_3_4	 819	0, 6, 0, 0	5, 0, 0, 0	6, 0, 0, 0	FST_VALUE
NC_2641421_1_2_3_4	 820	6, 0, 0, 0	1, 4, 0, 0	0, 6, 0, 0	FST_VALUE
NC_2641421_1_2_3_4	 822	0, 6, 0, 0	5, 0, 0, 0	6, 0, 0, 0	FST_VALUE
NC_2641421_1_2_3_4	 823	6, 0, 0, 0	1, 4, 0, 0	0, 6, 0, 0	FST_VALUE
NC_2641421_1_2_3_4	 826	0, 0, 6, 0	4, 0, 1, 0	6, 0, 0, 0	FST_VALUE
NC_2641421_1_2_3_4	 828	0, 6, 0, 0	0, 1, 4, 0	0, 0, 6, 0	FST_VALUE
NC_2641421_1_2_3_4	 832	0, 0, 0, 6	0, 4, 0, 1	0, 6, 0, 0	FST_VALUE
NC_2641421_1_2_3_4	 836	0, 0, 6, 0	0, 1, 0, 4	0, 0, 0, 6	FST_VALUE
NC_2641421_1_2_3_4	 837	0, 6, 0, 0	0, 0, 4, 1	0, 0, 6, 0	FST_VALUE
NC_2641421_1_2_3_4	 838	0, 0, 0, 6	0, 4, 1, 0	0, 6, 0, 0	FST_VALUE
NC_2641421_1_2_3_4	 839	0, 0, 6, 0	0, 0, 0, 5	0, 0, 0, 6	FST_VALUE
NC_2641421_1_2_3_4	 840	0, 0, 0, 6	0, 0, 4, 1	0, 0, 6, 0	FST_VALUE
NC_2641421_1_2_3_4	 842	0, 6, 0, 0	1, 0, 0, 4	0, 0, 0, 6	FST_VALUE
NC_2641421_1_2_3_4	 843	6, 0, 0, 0	1, 4, 0, 0	0, 6, 0, 0	FST_VALUE
NC_2641421_1_2_3_4	 847	0, 0, 6, 0	4, 1, 0, 0	6, 0, 0, 0	FST_VALUE
NC_2641421_1_2_3_4	 848	0, 6, 0, 0	0, 0, 4, 1	0, 0, 6, 0	FST_VALUE
NC_2641421_1_2_3_4	 849	0, 0, 0, 6	0, 4, 0, 1	0, 6, 0, 0	FST_VALUE
NC_2641421_1_2_3_4	 853	6, 0, 0, 0	0, 0, 1, 4	0, 0, 0, 6	FST_VALUE
NC_2641421_1_2_3_4	 856	0, 6, 0, 0	0, 0, 5, 0	0, 0, 6, 0	FST_VALUE
NC_2641421_1_2_3_4	 857	0, 0, 6, 0	0, 5, 0, 0	0, 6, 0, 0	FST_VALUE
NC_2641421_1_2_3_4	 858	0, 6, 0, 0	1, 0, 4, 0	0, 0, 6, 0	FST_VALUE
NC_2641421_1_2_3_4	 861	0, 0, 0, 6	4, 1, 0, 0	6, 0, 0, 0	FST_VALUE
NC_2641421_1_2_3_4	 862	0, 6, 0, 0	1, 0, 0, 4	0, 0, 0, 6	FST_VALUE
NC_2641421_1_2_3_4	 863	5, 0, 0, 0	0, 4, 0, 1	0, 6, 0, 0	FST_VALUE
NC_2641421_1_2_3_4	 864	0, 0, 0, 5	4, 0, 1, 0	6, 0, 0, 0	FST_VALUE
NC_2641421_1_2_3_4	 865	0, 0, 5, 0	1, 0, 0, 4	0, 0, 0, 6	FST_VALUE
NC_2641421_1_2_3_4	 866	5, 0, 0, 0	0, 0, 4, 1	0, 0, 6, 0	FST_VALUE
NC_2641421_1_2_3_4	 867	0, 0, 0, 5	5, 0, 0, 0	6, 0, 0, 0	FST_VALUE
NC_2641421_1_2_3_4	 868	5, 0, 0, 0	1, 0, 0, 4	0, 0, 0, 6	FST_VALUE
NC_2641421_1_2_3_4	 870	0, 0, 0, 5	4, 0, 0, 1	6, 0, 0, 0	FST_VALUE
NC_2641421_1_2_3_4	 872	0, 5, 0, 0	0, 0, 0, 5	0, 0, 0, 6	FST_VALUE
NC_2641421_1_2_3_4	 873	0, 0, 0, 5	0, 4, 0, 1	0, 6, 0, 0	FST_VALUE
NC_2641421_1_2_3_4	 875	0, 5, 0, 0	0, 0, 0, 5	0, 0, 0, 6	FST_VALUE
NC_2641421_1_2_3_4	 876	0, 0, 0, 5	0, 5, 0, 0	0, 6, 0, 0	FST_VALUE
NC_2641421_1_2_3_4	 877	0, 5, 0, 0	0, 0, 1, 4	0, 0, 0, 6	FST_VALUE
NC_2641421_1_2_3_4	 878	0, 0, 5, 0	0, 4, 1, 0	0, 6, 0, 0	FST_VALUE
NC_2641421_1_2_3_4	 880	0, 0, 0, 5	0, 0, 4, 1	0, 0, 6, 0	FST_VALUE
NC_2641421_1_2_3_4	 882	5, 0, 0, 0	1, 0, 0, 4	0, 0, 0, 6	FST_VALUE
NC_2641421_1_2_3_4	 884	0, 0, 5, 0	5, 0, 0, 0	6, 0, 0, 0	FST_VALUE
NC_2641421_1_2_3_4	 885	5, 0, 0, 0	1, 0, 4, 0	0, 0, 6, 0	FST_VALUE
NC_2641421_1_2_3_4	 887	0, 0, 5, 0	4, 0, 0, 1	6, 0, 0, 0	FST_VALUE
NC_2641421_1_2_3_4	 888	0, 0, 0, 5	0, 0, 4, 1	0, 0, 6, 0	FST_VALUE
NC_2641421_1_2_3_4	 890	0, 0, 5, 0	0, 0, 0, 5	0, 0, 0, 6	FST_VALUE
NC_2641421_1_2_3_4	 891	0, 0, 0, 5	0, 0, 4, 1	0, 0, 6, 0	FST_VALUE
NC_2641421_1_2_3_4	 893	0, 0, 5, 0	0, 0, 0, 5	0, 0, 0, 6	FST_VALUE
NC_2641421_1_2_3_4	 894	0, 0, 0, 5	0, 0, 4, 1	0, 0, 6, 0	FST_VALUE
NC_2641421_1_2_3_4	 898	0, 0, 5, 0	1, 0, 0, 4	0, 0, 0, 6	FST_VALUE
NC_2641421_1_2_3_4	 899	5, 0, 0, 0	1, 0, 4, 0	0, 0, 6, 0	FST_VALUE
NC_2641421_1_2_3_4	 902	0, 5, 0, 0	4, 0, 0, 1	6, 0, 0, 0	FST_VALUE
NC_2641421_1_2_3_4	 903	0, 0, 0, 5	0, 5, 0, 0	0, 6, 0, 0	FST_VALUE
NC_2641421_1_2_3_4	 904	0, 5, 0, 0	0, 0, 1, 4	0, 0, 0, 6	FST_VALUE
NC_2641421_1_2_3_4	 906	0, 5, 0, 0	0, 1, 4, 0	0, 0, 6, 0	FST_VALUE
NC_2641421_1_2_3_4	 911	0, 0, 5, 0	3, 0, 1, 1	6, 0, 0, 0	FST_VALUE
NC_4285464_1_2_3_4	  87	0, 0, 0, 5	0, 5, 0, 0	0, 8, 0, 0	FST_VALUE
NC_4285464_1_2_3_4	 139	5, 0, 0, 0	0, 4, 0, 1	0, 8, 0, 0	FST_VALUE
NC_4285464_1_2_3_4	 140	0, 0, 0, 5	0, 0, 5, 0	0, 0, 8, 0	FST_VALUE
NC_4285464_1_2_3_4	 187	0, 0, 0, 5	0, 5, 0, 0	0, 8, 0, 0	FST_VALUE
ND_4598488_1_2_3_4	 356	36, 0, 0, 0	0, 0, 0, 24	0, 0, 0, 30	FST_VALUE
NC_5443020_1_2_3_4	  97	5, 0, 0, 0	3, 2, 0, 0	0, 5, 0, 0	FST_VALUE
NC_5443020_1_2_3_4	  98	5, 0, 0, 0	3, 0, 0, 2	0, 0, 0, 5	FST_VALUE
BC_6396372_1_2_3_4	 282	0, 7, 0, 0	0, 1, 1, 0	0, 0, 11, 0	FST_VALUE
BC_6396372_1_2_3_4	 285	0, 0, 0, 7	0, 0, 0, 2	0, 11, 0, 0	FST_VALUE
BC_5114117_1_2_3_4	 110	5, 0, 0, 0	0, 0, 0, 3	0, 0, 0, 8	FST_VALUE
BC_354855_1_2_3_4	 386	7, 0, 0, 0	4, 0, 0, 1	0, 0, 0, 5	FST_VALUE
BC_6279617_1_2_3_4	 197	0, 5, 0, 0	0, 4, 0, 0	0, 0, 7, 0	FST_VALUE
NC_4097802_1_2_3_4	 217	0, 22, 0, 0	0, 1, 0, 0	0, 0, 18, 0	FST_VALUE
BC_1123747_1_2_3_4	  61	0, 0, 0, 7	6, 0, 0, 1	7, 0, 0, 0	FST_VALUE
ND_1129390_1_2_3_4	 514	0, 0, 0, 9	0, 0, 2, 3	0, 0, 5, 0	FST_VALUE
BC_8062978_1_2_3_4	  56	0, 0, 0, 6	0, 0, 0, 2	7, 0, 0, 0	FST_VALUE
BC_8062978_1_2_3_4	  59	6, 0, 0, 0	2, 0, 0, 0	0, 0, 0, 7	FST_VALUE
BC_8062978_1_2_3_4	  68	0, 0, 6, 0	0, 0, 2, 0	7, 0, 0, 0	FST_VALUE
BC_8062978_1_2_3_4	  71	6, 0, 0, 0	2, 0, 0, 0	0, 0, 7, 0	FST_VALUE
BC_4769747_1_2_3_4	 395	0, 0, 5, 0	0, 4, 3, 0	0, 8, 0, 0	FST_VALUE
ND_1242207_1_2_3_4	 418	0, 0, 0, 5	0, 23, 0, 4	0, 8, 0, 0	FST_VALUE
ND_1242207_1_2_3_4	 446	0, 0, 0, 5	0, 0, 23, 4	0, 0, 8, 0	FST_VALUE
ND_1242207_1_2_3_4	 487	0, 5, 0, 0	0, 3, 24, 0	0, 0, 7, 0	FST_VALUE
ND_1242207_1_2_3_4	 488	0, 0, 0, 5	0, 24, 0, 3	0, 7, 0, 0	FST_VALUE
BC_2814770_1_2_3_4	 198	0, 0, 0, 5	0, 0, 0, 6	0, 0, 13, 0	FST_VALUE
BC_2959829_1_2_3_4	 126	0, 10, 0, 0	0, 0, 0, 10	0, 0, 0, 8	FST_VALUE
BC_1574578_1_2_3_4	 661	0, 0, 5, 0	0, 0, 4, 0	12, 0, 0, 0	FST_VALUE
NC_3840521_1_2_3_4	 279	0, 0, 9, 0	2, 0, 0, 0	8, 0, 0, 0	FST_VALUE
BC_4197637_1_2_3_4	 335	5, 0, 0, 0	3, 0, 0, 5	0, 0, 0, 5	FST_VALUE
BC_7969249_1_2_3_4	 476	0, 0, 0, 6	0, 1, 0, 3	0, 6, 0, 0	FST_VALUE
BC_7969249_1_2_3_4	 696	0, 0, 0, 6	0, 1, 0, 2	0, 5, 0, 0	FST_VALUE
BC_7969249_1_2_3_4	 699	6, 0, 0, 0	2, 1, 0, 0	0, 5, 0, 0	FST_VALUE
BC_7969249_1_2_3_4	 701	6, 0, 0, 0	2, 1, 0, 0	0, 5, 0, 0	FST_VALUE
BC_7969249_1_2_3_4	 716	6, 0, 0, 0	1, 1, 1, 0	0, 5, 0, 0	FST_VALUE
ND_493319_1_2_3_4	 244	0, 0, 0, 17	0, 18, 0, 0	0, 11, 0, 0	FST_VALUE
BC_4672803_1_2_3_4	 508	0, 0, 0, 9	2, 0, 0, 10	6, 0, 0, 0	FST_VALUE
ND_4225300_1_2_3_4	  22	0, 0, 7, 0	0, 0, 10, 0	5, 0, 0, 0	FST_VALUE
BC_259330_1_2_3_4	 389	46, 0, 0, 0	0, 0, 0, 1	0, 0, 0, 20	FST_VALUE
NC_1016396_1_2_3_4	 304	0, 0, 0, 5	0, 0, 0, 3	0, 9, 0, 0	FST_VALUE
BC_7621428_1_2_3_4	 421	0, 0, 0, 5	0, 0, 0, 4	0, 5, 0, 0	FST_VALUE
BC_7621428_1_2_3_4	 432	0, 0, 5, 0	0, 0, 4, 0	5, 0, 0, 0	FST_VALUE
BC_7621428_1_2_3_4	 440	0, 5, 0, 0	0, 4, 0, 0	0, 0, 0, 5	FST_VALUE
BC_7621428_1_2_3_4	 442	0, 0, 5, 0	0, 0, 4, 0	5, 0, 0, 0	FST_VALUE
ND_4673213_1_2_3_4	 282	0, 0, 0, 7	0, 0, 0, 1	0, 0, 8, 0	FST_VALUE
NC_235035_1_2_3_4	 841	0, 7, 0, 0	1, 6, 0, 0	6, 0, 0, 0	FST_VALUE
NC_6038375_1_2_3_4	 455	0, 6, 0, 0	0, 0, 0, 2	0, 0, 0, 5	FST_VALUE
ND_2967222_1_2_3_4	 523	6, 0, 0, 0	7, 0, 0, 0	0, 5, 0, 0	FST_VALUE
BC_4399041_1_2_3_4	 500	0, 5, 0, 0	0, 7, 0, 3	0, 0, 0, 5	FST_VALUE
BC_190555_1_2_3_4	 514	0, 0, 0, 27	0, 0, 0, 41	27, 0, 0, 0	FST_VALUE
BC_2054354_1_2_3_4	 164	0, 0, 5, 0	0, 0, 0, 4	0, 0, 0, 8	FST_VALUE
BC_2054354_1_2_3_4	 269	0, 5, 0, 0	0, 1, 0, 3	0, 0, 0, 7	FST_VALUE
BC_10070_1_2_3_4	  79	7, 0, 0, 0	0, 0, 0, 1	0, 0, 0, 7	FST_VALUE
ND_7132363_1_2_3_4	 620	0, 0, 5, 0	1, 0, 8, 0	5, 0, 0, 0	FST_VALUE
ND_1609301_1_2_3_4	 158	0, 6, 0, 0	0, 4, 0, 4	0, 0, 0, 5	FST_VALUE
ND_1609301_1_2_3_4	 258	0, 7, 0, 0	0, 5, 0, 4	0, 0, 0, 5	FST_VALUE
ND_1801835_1_2_3_4	 121	0, 10, 0, 0	0, 20, 0, 0	0, 0, 0, 12	FST_VALUE
ND_1801835_1_2_3_4	 159	0, 0, 0, 12	0, 0, 0, 21	0, 11, 0, 0	FST_VALUE
ND_1801835_1_2_3_4	 173	13, 0, 0, 0	23, 0, 0, 0	0, 0, 11, 0	FST_VALUE
ND_1801835_1_2_3_4	 206	0, 0, 0, 14	0, 0, 0, 25	0, 10, 0, 0	FST_VALUE
ND_1801835_1_2_3_4	 227	0, 0, 15, 0	0, 0, 25, 0	0, 6, 0, 0	FST_VALUE
ND_1801835_1_2_3_4	 230	0, 0, 0, 15	0, 0, 0, 25	0, 5, 0, 0	FST_VALUE
NC_1289598_1_2_3_4	  89	0, 0, 0, 5	0, 6, 0, 3	0, 7, 0, 0	FST_VALUE
NC_5700852_1_2_3_4	 169	0, 18, 0, 0	0, 0, 0, 3	0, 0, 0, 6	FST_VALUE
BC_3577569_1_2_3_4	 408	6, 0, 0, 0	0, 8, 0, 0	0, 7, 0, 0	FST_VALUE
NC_5043746_1_2_3_4	 119	11, 0, 0, 0	0, 6, 0, 0	0, 12, 0, 0	FST_VALUE
NC_5043746_1_2_3_4	 120	0, 0, 0, 11	6, 0, 0, 0	12, 0, 0, 0	FST_VALUE
NC_5043746_1_2_3_4	 121	0, 11, 0, 0	0, 0, 0, 6	0, 0, 0, 12	FST_VALUE
NC_5043746_1_2_3_4	 122	11, 0, 0, 0	0, 0, 0, 6	0, 0, 0, 12	FST_VALUE
NC_5043746_1_2_3_4	 125	0, 0, 0, 11	0, 6, 0, 0	0, 12, 0, 0	FST_VALUE
NC_5043746_1_2_3_4	 126	0, 0, 0, 11	0, 6, 0, 0	0, 12, 0, 0	FST_VALUE
NC_5043746_1_2_3_4	 127	0, 11, 0, 0	6, 0, 0, 0	12, 0, 0, 0	FST_VALUE
NC_5043746_1_2_3_4	 128	0, 11, 0, 0	1, 0, 5, 0	0, 0, 12, 0	FST_VALUE
NC_5043746_1_2_3_4	 130	0, 0, 11, 0	6, 0, 0, 0	12, 0, 0, 0	FST_VALUE
NC_5043746_1_2_3_4	 131	11, 0, 0, 0	0, 6, 0, 0	0, 12, 0, 0	FST_VALUE
NC_5043746_1_2_3_4	 133	0, 11, 0, 0	6, 0, 0, 0	12, 0, 0, 0	FST_VALUE
NC_5043746_1_2_3_4	 134	11, 0, 0, 0	0, 6, 0, 0	0, 12, 0, 0	FST_VALUE
NC_5043746_1_2_3_4	 135	11, 0, 0, 0	0, 6, 0, 0	0, 12, 0, 0	FST_VALUE
NC_5043746_1_2_3_4	 136	0, 11, 0, 0	0, 0, 6, 0	0, 0, 12, 0	FST_VALUE
NC_5043746_1_2_3_4	 137	0, 11, 0, 0	6, 0, 0, 0	12, 0, 0, 0	FST_VALUE
NC_5043746_1_2_3_4	 138	0, 0, 11, 0	0, 6, 0, 0	0, 12, 0, 0	FST_VALUE
NC_5043746_1_2_3_4	 139	11, 0, 0, 0	0, 0, 0, 6	0, 0, 0, 12	FST_VALUE
NC_5043746_1_2_3_4	 140	0, 11, 0, 0	0, 0, 6, 0	0, 0, 12, 0	FST_VALUE
NC_5043746_1_2_3_4	 141	0, 0, 0, 10	0, 6, 0, 0	0, 12, 0, 0	FST_VALUE
NC_5043746_1_2_3_4	 142	0, 0, 10, 0	0, 6, 0, 0	0, 12, 0, 0	FST_VALUE
NC_5043746_1_2_3_4	 143	0, 10, 0, 0	6, 0, 0, 0	12, 0, 0, 0	FST_VALUE
NC_5043746_1_2_3_4	 148	10, 0, 0, 0	0, 0, 6, 0	0, 0, 12, 0	FST_VALUE
NC_5043746_1_2_3_4	 155	0, 10, 0, 0	6, 0, 0, 0	12, 0, 0, 0	FST_VALUE
ND_4977943_1_2_3_4	 245	0, 0, 7, 0	6, 0, 12, 0	5, 0, 0, 0	FST_VALUE
ND_4977943_1_2_3_4	 406	7, 0, 0, 0	8, 0, 0, 0	0, 0, 5, 0	FST_VALUE
ND_1824981_1_2_3_4	  70	75, 0, 0, 0	23, 0, 7, 0	0, 0, 7, 0	FST_VALUE
ND_1824981_1_2_3_4	  91	0, 0, 77, 0	7, 0, 23, 0	7, 0, 0, 0	FST_VALUE
ND_1824981_1_2_3_4	  97	0, 0, 78, 0	7, 0, 24, 0	7, 0, 0, 0	FST_VALUE
ND_1824981_1_2_3_4	 196	82, 0, 0, 0	24, 0, 8, 0	0, 0, 6, 0	FST_VALUE
ND_1824981_1_2_3_4	 292	0, 80, 0, 0	7, 23, 0, 0	6, 0, 0, 0	FST_VALUE
NC_5849555_1_2_3_4	 186	0, 0, 5, 0	0, 0, 0, 9	0, 0, 0, 16	FST_VALUE
BC_6887189_1_2_3_4	 121	0, 6, 0, 0	1, 0, 0, 0	5, 0, 0, 0	FST_VALUE
BC_3045842_1_2_3_4	 211	0, 5, 0, 0	0, 0, 0, 2	0, 0, 0, 5	FST_VALUE
NC_3717387_1_2_3_4	 128	9, 0, 0, 0	1, 2, 0, 0	0, 6, 0, 0	FST_VALUE
ND_2616619_1_2_3_4	 274	0, 11, 0, 0	0, 0, 0, 7	0, 0, 0, 5	FST_VALUE
ND_1111133_1_2_3_4	 180	0, 0, 0, 36	0, 0, 0, 30	0, 0, 33, 0	FST_VALUE
NC_5885195_1_2_3_4	 882	7, 0, 0, 0	1, 0, 1, 0	0, 0, 5, 0	FST_VALUE
BC_1309150_1_2_3_4	 276	0, 0, 0, 7	0, 1, 0, 0	0, 5, 0, 0	FST_VALUE
BC_5060655_1_2_3_4	 208	0, 0, 11, 0	37, 0, 0, 0	55, 0, 0, 0	FST_VALUE
BC_5060655_1_2_3_4	 265	0, 10, 0, 0	0, 0, 0, 38	0, 0, 0, 52	FST_VALUE
BC_5060655_1_2_3_4	 286	0, 0, 9, 0	38, 0, 0, 0	51, 0, 0, 0	FST_VALUE
BC_5378646_1_2_3_4	 106	0, 0, 0, 15	0, 0, 0, 2	0, 5, 0, 0	FST_VALUE
BC_5378646_1_2_3_4	 129	15, 0, 0, 0	2, 0, 0, 0	0, 0, 0, 5	FST_VALUE
ND_4391766_1_2_3_4	 383	0, 0, 0, 5	0, 0, 1, 0	0, 0, 8, 0	FST_VALUE
ND_4391766_1_2_3_4	 398	0, 5, 0, 0	1, 0, 0, 0	8, 0, 0, 0	FST_VALUE
BC_2259317_1_2_3_4	 273	5, 0, 0, 0	0, 0, 2, 0	0, 0, 5, 0	FST_VALUE
BC_2509445_1_2_3_4	 329	0, 0, 5, 0	0, 0, 2, 1	0, 0, 0, 6	FST_VALUE
BC_2509445_1_2_3_4	 330	0, 0, 0, 5	0, 0, 0, 3	0, 0, 6, 0	FST_VALUE
ND_133335_1_2_3_4	 183	0, 0, 0, 5	0, 0, 1, 8	0, 0, 11, 0	FST_VALUE
BC_1101559_1_2_3_4	  52	0, 0, 6, 0	2, 0, 2, 0	5, 0, 0, 0	FST_VALUE
BC_1101559_1_2_3_4	  54	0, 0, 6, 0	0, 0, 2, 2	0, 0, 0, 5	FST_VALUE
BC_1101559_1_2_3_4	  60	6, 0, 0, 0	2, 2, 0, 0	0, 5, 0, 0	FST_VALUE
BC_1101559_1_2_3_4	  92	0, 6, 0, 0	0, 2, 2, 0	0, 0, 5, 0	FST_VALUE
BC_1101559_1_2_3_4	 110	0, 6, 0, 0	0, 2, 0, 2	0, 0, 0, 5	FST_VALUE
BC_8115715_1_2_3_4	2957	0, 0, 6, 0	0, 0, 3, 0	0, 6, 0, 0	FST_VALUE
BC_8115715_1_2_3_4	2959	0, 0, 6, 0	0, 0, 3, 0	0, 0, 0, 6	FST_VALUE
BC_8115715_1_2_3_4	2964	0, 0, 0, 6	0, 0, 1, 2	0, 0, 6, 0	FST_VALUE
BC_8115715_1_2_3_4	2970	0, 6, 0, 0	0, 3, 0, 0	0, 0, 6, 0	FST_VALUE
BC_8115715_1_2_3_4	2971	0, 0, 6, 0	0, 0, 3, 0	0, 6, 0, 0	FST_VALUE
BC_8115715_1_2_3_4	2982	0, 6, 0, 0	0, 3, 0, 0	6, 0, 0, 0	FST_VALUE
BC_8115715_1_2_3_4	2983	6, 0, 0, 0	3, 0, 0, 0	0, 6, 0, 0	FST_VALUE
BC_8115715_1_2_3_4	2992	0, 0, 6, 0	0, 0, 3, 0	0, 6, 0, 0	FST_VALUE
BC_8115715_1_2_3_4	3001	0, 6, 0, 0	0, 3, 0, 0	0, 0, 0, 6	FST_VALUE
BC_8115715_1_2_3_4	3003	0, 6, 0, 0	0, 3, 0, 0	0, 0, 6, 0	FST_VALUE
BC_8115715_1_2_3_4	3006	0, 0, 0, 6	0, 0, 0, 3	6, 0, 0, 0	FST_VALUE
BC_8115715_1_2_3_4	3009	0, 0, 0, 5	0, 0, 0, 3	0, 0, 6, 0	FST_VALUE
BC_8115715_1_2_3_4	3010	0, 0, 5, 0	0, 0, 3, 0	6, 0, 0, 0	FST_VALUE
BC_8115715_1_2_3_4	3011	5, 0, 0, 0	3, 0, 0, 0	0, 6, 0, 0	FST_VALUE
BC_8115715_1_2_3_4	3012	0, 5, 0, 0	0, 3, 0, 0	6, 0, 0, 0	FST_VALUE
BC_8115715_1_2_3_4	3013	5, 0, 0, 0	3, 0, 0, 0	0, 0, 0, 6	FST_VALUE
BC_8115715_1_2_3_4	3014	0, 0, 0, 5	0, 0, 0, 3	0, 0, 6, 0	FST_VALUE
BC_8115715_1_2_3_4	3016	0, 0, 5, 0	0, 0, 3, 0	0, 6, 0, 0	FST_VALUE
BC_8115715_1_2_3_4	3017	0, 5, 0, 0	0, 3, 0, 0	0, 0, 6, 0	FST_VALUE
BC_8115715_1_2_3_4	3018	0, 0, 5, 0	0, 0, 3, 0	6, 0, 0, 0	FST_VALUE
BC_8115715_1_2_3_4	3021	5, 0, 0, 0	3, 0, 0, 0	0, 6, 0, 0	FST_VALUE
BC_8115715_1_2_3_4	3022	0, 5, 0, 0	0, 3, 0, 0	6, 0, 0, 0	FST_VALUE
BC_8115715_1_2_3_4	3023	5, 0, 0, 0	3, 0, 0, 0	0, 0, 6, 0	FST_VALUE
BC_8115715_1_2_3_4	3024	0, 0, 5, 0	0, 0, 3, 0	6, 0, 0, 0	FST_VALUE
BC_8115715_1_2_3_4	3025	5, 0, 0, 0	3, 0, 0, 0	0, 0, 6, 0	FST_VALUE
BC_8115715_1_2_3_4	3027	0, 0, 5, 0	0, 0, 3, 0	0, 0, 0, 6	FST_VALUE
BC_8115715_1_2_3_4	3028	0, 0, 0, 5	0, 0, 0, 3	6, 0, 0, 0	FST_VALUE
BC_8115715_1_2_3_4	3029	5, 0, 0, 0	3, 0, 0, 0	0, 0, 6, 0	FST_VALUE
BC_4333263_1_2_3_4	 579	0, 0, 0, 5	0, 0, 0, 2	0, 0, 8, 0	FST_VALUE
BC_4333263_1_2_3_4	 603	5, 0, 0, 0	2, 0, 0, 0	0, 0, 8, 0	FST_VALUE
BC_4333263_1_2_3_4	 604	0, 5, 0, 0	0, 2, 0, 0	0, 0, 8, 0	FST_VALUE
BC_4333263_1_2_3_4	 605	0, 0, 5, 0	0, 0, 2, 0	8, 0, 0, 0	FST_VALUE
BC_4333263_1_2_3_4	 606	0, 0, 5, 0	0, 0, 2, 0	8, 0, 0, 0	FST_VALUE
BC_4333263_1_2_3_4	 607	0, 0, 5, 0	0, 0, 2, 0	8, 0, 0, 0	FST_VALUE
BC_4333263_1_2_3_4	 608	5, 0, 0, 0	2, 0, 0, 0	0, 8, 0, 0	FST_VALUE
BC_4333263_1_2_3_4	 609	5, 0, 0, 0	2, 0, 0, 0	0, 0, 8, 0	FST_VALUE
BC_4333263_1_2_3_4	 610	5, 0, 0, 0	2, 0, 0, 0	0, 0, 8, 0	FST_VALUE
BC_4333263_1_2_3_4	 648	5, 0, 0, 0	2, 0, 0, 0	0, 0, 8, 0	FST_VALUE
BC_4333263_1_2_3_4	 651	0, 0, 0, 5	0, 0, 0, 2	8, 0, 0, 0	FST_VALUE
BC_4333263_1_2_3_4	 663	0, 0, 0, 5	0, 0, 0, 2	0, 0, 8, 0	FST_VALUE
BC_4333263_1_2_3_4	 670	0, 0, 0, 5	0, 0, 0, 2	0, 8, 0, 0	FST_VALUE
BC_4333263_1_2_3_4	 685	0, 0, 0, 5	0, 0, 0, 2	8, 0, 0, 0	FST_VALUE
BC_4333263_1_2_3_4	 688	0, 0, 0, 5	0, 0, 0, 2	8, 0, 0, 0	FST_VALUE
BC_4333263_1_2_3_4	 690	0, 0, 0, 5	0, 0, 0, 2	8, 0, 0, 0	FST_VALUE
BC_4333263_1_2_3_4	 703	5, 0, 0, 0	1, 0, 0, 0	0, 0, 0, 8	FST_VALUE
BC_4333263_1_2_3_4	 715	5, 0, 0, 0	1, 0, 0, 0	0, 8, 0, 0	FST_VALUE
BC_4333263_1_2_3_4	 716	5, 0, 0, 0	1, 0, 0, 0	0, 0, 0, 8	FST_VALUE
BC_4333263_1_2_3_4	 719	5, 0, 0, 0	1, 0, 0, 0	0, 8, 0, 0	FST_VALUE
BC_4333263_1_2_3_4	 724	5, 0, 0, 0	0, 0, 1, 0	0, 0, 0, 8	FST_VALUE
BC_4333263_1_2_3_4	 728	5, 0, 0, 0	0, 1, 0, 0	0, 0, 8, 0	FST_VALUE
BC_4333263_1_2_3_4	 731	0, 0, 0, 5	0, 1, 0, 0	8, 0, 0, 0	FST_VALUE
BC_4333263_1_2_3_4	 747	0, 5, 0, 0	0, 0, 0, 1	8, 0, 0, 0	FST_VALUE
BC_4333263_1_2_3_4	 753	0, 5, 0, 0	1, 0, 0, 0	0, 0, 0, 8	FST_VALUE
BC_4333263_1_2_3_4	 766	0, 0, 0, 5	0, 1, 0, 0	8, 0, 0, 0	FST_VALUE
BC_4333263_1_2_3_4	 771	0, 0, 0, 5	0, 1, 0, 0	0, 0, 8, 0	FST_VALUE
NC_4913776_1_2_3_4	 270	5, 0, 0, 0	1, 0, 0, 0	0, 0, 0, 5	FST_VALUE
ND_3078997_1_2_3_4	 155	5, 0, 0, 0	0, 0, 3, 0	0, 0, 5, 0	FST_VALUE
BC_4960688_1_2_3_4	 360	0, 6, 0, 0	0, 2, 5, 0	0, 0, 6, 0	FST_VALUE
NC_111129_1_2_3_4	 364	13, 0, 0, 0	0, 0, 0, 6	0, 0, 0, 5	FST_VALUE
NC_111129_1_2_3_4	 365	0, 0, 0, 13	0, 6, 0, 0	0, 5, 0, 0	FST_VALUE
NC_1841703_1_2_3_4	  99	0, 0, 13, 0	5, 0, 3, 0	5, 0, 0, 0	FST_VALUE
NC_1841703_1_2_3_4	 119	0, 0, 0, 13	0, 3, 0, 5	0, 5, 0, 0	FST_VALUE
NC_1841703_1_2_3_4	 145	0, 0, 0, 14	0, 3, 0, 4	0, 5, 0, 0	FST_VALUE
NC_1841703_1_2_3_4	 304	0, 9, 0, 0	0, 4, 0, 3	0, 0, 0, 5	FST_VALUE
ND_3637334_1_2_3_4	 751	0, 6, 0, 0	0, 1, 0, 0	7, 0, 0, 0	FST_VALUE
NC_1595041_1_2_3_4	 526	0, 0, 5, 0	2, 0, 0, 0	7, 0, 0, 0	FST_VALUE
NC_6517747_1_2_3_4	 153	0, 5, 0, 0	0, 2, 0, 0	6, 0, 0, 0	FST_VALUE
ND_1252254_1_2_3_4	 238	0, 5, 0, 0	0, 0, 0, 3	0, 0, 0, 5	FST_VALUE
BC_3015360_1_2_3_4	 106	5, 0, 0, 0	4, 0, 0, 0	0, 0, 0, 6	FST_VALUE
ND_1799810_1_2_3_4	 263	0, 27, 0, 0	0, 27, 0, 0	20, 0, 0, 0	FST_VALUE
NC_855904_1_2_3_4	 167	0, 0, 0, 29	0, 0, 0, 7	0, 0, 15, 0	FST_VALUE
NC_855904_1_2_3_4	 168	0, 29, 0, 0	0, 6, 0, 0	0, 0, 0, 16	FST_VALUE
BC_1177023_1_2_3_4	   5	0, 5, 0, 0	0, 0, 0, 2	0, 0, 0, 6	FST_VALUE
BC_1177023_1_2_3_4	 146	0, 5, 0, 0	3, 0, 0, 0	6, 0, 0, 0	FST_VALUE
ND_5023081_1_2_3_4	 386	0, 5, 0, 0	0, 1, 0, 2	0, 0, 0, 9	FST_VALUE
ND_5023081_1_2_3_4	 387	0, 5, 0, 0	0, 1, 0, 2	0, 0, 0, 9	FST_VALUE
ND_5023081_1_2_3_4	 388	0, 0, 0, 5	2, 0, 0, 1	9, 0, 0, 0	FST_VALUE
ND_5023081_1_2_3_4	 402	0, 0, 5, 0	0, 2, 1, 0	0, 9, 0, 0	FST_VALUE
BC_339750_1_2_3_4	 264	14, 0, 0, 0	6, 0, 0, 0	0, 13, 0, 0	FST_VALUE
BC_339750_1_2_3_4	 266	0, 14, 0, 0	0, 6, 0, 0	0, 0, 0, 13	FST_VALUE
BC_339750_1_2_3_4	 271	14, 0, 0, 0	6, 0, 0, 0	0, 0, 0, 8	FST_VALUE
BC_339750_1_2_3_4	 272	0, 0, 0, 14	0, 0, 0, 6	8, 0, 0, 0	FST_VALUE
ND_4161427_1_2_3_4	 162	5, 0, 0, 0	7, 0, 0, 0	0, 0, 8, 0	FST_VALUE
ND_2090286_1_2_3_4	 228	8, 0, 0, 0	0, 1, 0, 0	0, 6, 0, 0	FST_VALUE
BC_1351092_1_2_3_4	   4	0, 0, 5, 0	0, 1, 1, 0	0, 5, 0, 0	FST_VALUE
BC_1351092_1_2_3_4	  28	5, 0, 0, 0	1, 0, 0, 1	0, 0, 0, 5	FST_VALUE
BC_1351092_1_2_3_4	 125	6, 0, 0, 0	0, 0, 0, 2	0, 0, 0, 5	FST_VALUE
BC_1351092_1_2_3_4	 128	0, 0, 0, 6	0, 2, 0, 0	0, 5, 0, 0	FST_VALUE
BC_1351092_1_2_3_4	 132	0, 6, 0, 0	0, 0, 0, 2	0, 0, 0, 5	FST_VALUE
BC_1351092_1_2_3_4	 144	0, 6, 0, 0	0, 0, 0, 2	0, 0, 0, 5	FST_VALUE
BC_5422577_1_2_3_4	 211	0, 0, 11, 0	0, 0, 4, 6	0, 0, 0, 8	FST_VALUE
BC_1533796_1_2_3_4	 169	0, 0, 0, 6	0, 0, 1, 3	0, 0, 5, 0	FST_VALUE
ND_1845152_1_2_3_4	  55	0, 0, 0, 5	0, 4, 0, 6	0, 5, 0, 0	FST_VALUE
NC_5678463_1_2_3_4	 390	6, 0, 0, 0	0, 3, 0, 0	0, 5, 0, 0	FST_VALUE
BC_1989334_1_2_3_4	 111	0, 11, 0, 0	2, 0, 0, 0	5, 0, 0, 0	FST_VALUE
BC_1989334_1_2_3_4	 112	7, 0, 0, 0	0, 16, 0, 0	0, 6, 0, 0	FST_VALUE
BC_3015834_1_2_3_4	 219	0, 8, 0, 0	0, 4, 2, 0	0, 0, 5, 0	FST_VALUE
NC_4076110_1_2_3_4	 177	0, 0, 0, 23	0, 0, 0, 3	0, 0, 8, 0	FST_VALUE
