Acropora_digitifera_6722	sp|A4QNN3|UBP30_XENTR	37.075	294	156	10	10	277	159	449	7.73e-49	172
Acropora_millepora_1944	sp|P14381|YTX2_XENLA	38.710	62	35	2	27	87	1122	1181	0.002	42.0
Acropora_millepora_13064	sp|Q2HR64|LTP_HHV8P	20.455	176	120	6	326	491	20	185	0.40	38.1
Acropora_millepora_15070	sp|P22105|TENX_HUMAN	31.938	645	280	31	52	647	128	662	2.27e-35	147
Acropora_millepora_15070	sp|P22105|TENX_HUMAN	30.718	599	252	27	81	648	264	730	2.20e-31	135
Acropora_millepora_15070	sp|P22105|TENX_HUMAN	35.220	477	225	27	81	515	326	760	8.92e-28	124
Acropora_millepora_15070	sp|P22105|TENX_HUMAN	35.629	334	155	20	80	381	449	754	1.30e-21	104
Acropora_millepora_15070	sp|P22105|TENX_HUMAN	29.159	511	213	24	187	648	191	601	4.21e-20	99.8
Acropora_millepora_15070	sp|P22105|TENX_HUMAN	32.740	281	133	14	402	648	157	415	1.31e-10	68.9
Pocillopora_damicornis_19775	sp|Q9UHW5|GPN3_HUMAN	62.112	161	60	1	26	185	109	269	1.32e-63	201
Porites_lobata_1679	sp|P08548|LIN1_NYCCO	30.696	316	213	3	3	314	594	907	7.58e-39	154
Seriatopora_sp_3101	sp|Q7L0X0|TRIL_HUMAN	23.596	89	68	0	117	205	339	427	0.095	38.9
Seriatopora_sp_31163	sp|Q7Z407|CSMD3_HUMAN	28.522	291	134	9	3	222	834	1121	1.67e-28	116
Seriatopora_sp_31163	sp|Q7Z407|CSMD3_HUMAN	33.702	181	107	5	3	171	486	665	9.57e-24	102
Seriatopora_sp_31163	sp|Q7Z407|CSMD3_HUMAN	34.132	167	104	4	3	165	1182	1346	4.80e-22	97.8
Seriatopora_sp_31163	sp|Q7Z407|CSMD3_HUMAN	30.726	179	100	4	2	167	1009	1176	2.23e-21	95.9
Seriatopora_sp_31163	sp|Q7Z407|CSMD3_HUMAN	30.120	166	112	3	2	165	663	826	3.18e-21	95.5
Seriatopora_sp_31163	sp|Q7Z407|CSMD3_HUMAN	34.706	170	102	5	3	166	1528	1694	3.53e-21	95.1
Seriatopora_sp_31163	sp|Q7Z407|CSMD3_HUMAN	33.133	166	103	4	9	168	1884	2047	2.22e-20	92.8
Seriatopora_sp_31163	sp|Q7Z407|CSMD3_HUMAN	25.510	294	146	9	3	225	1354	1645	2.79e-20	92.8
Seriatopora_sp_31163	sp|Q7Z407|CSMD3_HUMAN	32.051	156	100	4	2	153	2223	2376	2.96e-19	89.7
Seriatopora_sp_31163	sp|Q7Z407|CSMD3_HUMAN	32.704	159	100	4	18	170	2412	2569	4.67e-18	86.3
Seriatopora_sp_31163	sp|Q7Z407|CSMD3_HUMAN	31.361	169	110	4	2	166	2051	2217	6.51e-18	85.9
Seriatopora_sp_31163	sp|Q7Z407|CSMD3_HUMAN	34.682	173	105	5	2	168	1700	1870	1.43e-15	79.0
Seriatopora_sp_31163	sp|Q7Z407|CSMD3_HUMAN	31.765	170	108	5	2	166	177	343	4.55e-15	77.4
Seriatopora_sp_31163	sp|Q7Z407|CSMD3_HUMAN	46.032	63	32	1	1	61	3171	3233	1.90e-12	69.7
Seriatopora_sp_31163	sp|Q7Z407|CSMD3_HUMAN	41.096	73	39	1	1	69	2931	3003	2.75e-10	63.5
Seriatopora_sp_31163	sp|Q7Z407|CSMD3_HUMAN	30.172	116	75	3	61	171	65	179	3.61e-10	63.2
Seriatopora_sp_31163	sp|Q7Z407|CSMD3_HUMAN	50.000	54	27	0	3	56	3291	3344	1.99e-09	60.8
Seriatopora_sp_31163	sp|Q7Z407|CSMD3_HUMAN	45.000	60	33	0	3	62	2817	2876	2.20e-09	60.8
Seriatopora_sp_31163	sp|Q7Z407|CSMD3_HUMAN	44.262	61	34	0	2	62	3055	3115	6.42e-09	59.3
Seriatopora_sp_31163	sp|Q7Z407|CSMD3_HUMAN	37.097	62	39	0	1	62	2993	3054	3.23e-07	54.3
Seriatopora_sp_31163	sp|Q7Z407|CSMD3_HUMAN	34.328	67	43	1	1	66	2757	2823	3.63e-06	51.2
Seriatopora_sp_31163	sp|Q7Z407|CSMD3_HUMAN	28.873	142	85	8	2	133	3410	3545	4.41e-06	50.8
Seriatopora_sp_31163	sp|Q7Z407|CSMD3_HUMAN	36.667	60	36	1	168	225	1937	1996	1.65e-05	48.9
Seriatopora_sp_31163	sp|Q7Z407|CSMD3_HUMAN	38.710	62	38	0	1	62	3231	3292	1.86e-05	48.9
Seriatopora_sp_31163	sp|Q7Z407|CSMD3_HUMAN	39.062	64	36	2	1	62	3112	3174	2.80e-05	48.5
Seriatopora_sp_31163	sp|Q7Z407|CSMD3_HUMAN	35.714	56	34	1	170	223	2111	2166	3.33e-05	48.1
Seriatopora_sp_31163	sp|Q7Z407|CSMD3_HUMAN	32.787	61	41	0	1	61	2873	2933	6.54e-05	47.4
Seriatopora_sp_31163	sp|Q7Z407|CSMD3_HUMAN	38.983	59	34	1	169	225	64	122	7.04e-05	47.0
Seriatopora_sp_31163	sp|Q7Z407|CSMD3_HUMAN	32.759	58	37	1	167	222	2280	2337	0.001	43.1
Seriatopora_sp_31163	sp|Q7Z407|CSMD3_HUMAN	34.921	63	37	2	167	225	2453	2515	0.003	42.0
Seriatopora_sp_31163	sp|Q7Z407|CSMD3_HUMAN	34.426	61	39	1	2	61	3351	3411	0.004	42.0
Seriatopora_sp_31163	sp|Q7Z407|CSMD3_HUMAN	38.596	57	32	1	169	222	547	603	0.004	42.0
Seriatopora_sp_31163	sp|Q7Z407|CSMD3_HUMAN	32.143	56	36	1	170	223	895	950	0.008	40.8
Seriatopora_sp_31163	sp|Q7Z407|CSMD3_HUMAN	33.333	66	38	3	1	61	2630	2694	0.019	39.7
Seriatopora_sp_31163	sp|Q7Z407|CSMD3_HUMAN	34.483	58	36	1	16	71	2712	2769	0.019	39.7
Seriatopora_sp_31163	sp|Q7Z407|CSMD3_HUMAN	34.483	58	35	2	170	225	1241	1297	0.028	39.3
Seriatopora_sp_31163	sp|Q7Z407|CSMD3_HUMAN	35.556	45	27	1	180	222	731	775	0.043	38.5
Seriatopora_sp_31163	sp|Q7Z407|CSMD3_HUMAN	32.143	56	36	1	170	223	241	296	1.0	34.3
Seriatopora_sp_31163	sp|Q7Z407|CSMD3_HUMAN	39.474	38	23	0	167	204	1759	1796	3.9	32.3
Stylophora_pistillata_13596	sp|Q6CXN0|YNG2_KLULA	34.783	46	30	0	90	135	236	281	1.02e-04	47.8
