BC_5418779_1_2_3_4	XM_015912804.1	86.179	123	16	1	395	516	1603	1725	2.15e-26	132
ND_4370893_1_2_3_4	XM_015900189.1	88.426	216	21	2	336	549	1288	1075	1.99e-64	257
BC_3115287_1_2_3_4	XR_001566564.1	98.926	1024	8	1	1	1024	30	1050	0.0	1827
ND_2090286_1_2_3_4	AJ884899.1	92.063	315	10	14	72	376	1579	1270	3.27e-116	429
ND_2090286_1_2_3_4	AJ884899.1	96.923	65	1	1	441	505	1426	1363	1.74e-19	108
BC_4960688_1_2_3_4	GU137132.1	95.337	193	4	2	3	190	321	129	8.73e-78	302
BC_6313949_1_2_3_4	XM_015891756.1	87.109	256	23	3	259	512	6586	6833	1.42e-71	281
NC_3840521_1_2_3_4	XR_001561740.1	80.090	221	15	15	134	334	266	55	2.10e-28	137
NC_3840521_1_2_3_4	XR_001561740.1	77.632	152	7	13	202	334	453	310	2.80e-07	67.6
BC_1123747_1_2_3_4	XM_015904555.1	96.104	308	11	1	1	308	357	663	3.96e-138	501
