NC_1016405_1_2_3_4	NC_024211_1_158750	95.652	23	1	0	1026	1048	61739	61761	0.27	39.1
BC_7969249_1_2_3_4	HQ728264_1_56621	90.000	30	3	0	550	579	35976	35947	0.045	41.1
BC_3577569_1_2_3_4	NC_008363_1_28538	100.000	19	0	0	385	403	28452	28434	0.58	37.2
ND_2090286_1_2_3_4	Rockstar_1_47780	100.000	21	0	0	304	324	47736	47716	0.031	41.1
BC_104482_1_2_3_4	AP014168_1_43796	95.455	22	1	0	559	580	2843	2864	0.52	37.2
ND_2199726_1_2_3_4	NC_019713_1_78751	100.000	21	0	0	259	279	56300	56320	0.027	41.1
BC_2102217_1_2_3_4	contig00001_1_96337_1_96337	95.652	23	1	0	160	182	45127	45149	0.11	39.1
BC_6957170_1_2_3_4	AP014318_1_33724	92.000	25	2	0	54	78	17797	17773	0.43	37.2
BC_1111080_1_2_3_4	NC_019444_1_176043	95.652	23	1	0	413	435	80721	80743	0.11	39.1
BC_1154956_1_2_3_4	AP014406_1_7243	100.000	19	0	0	101	119	2442	2424	0.34	37.2
ND_5552730_1_2_3_4	JN700521_1_40917	95.455	22	1	0	254	275	23184	23163	0.31	37.2
BC_1666634_1_2_3_4	AP013820_1_29113	100.000	19	0	0	307	325	22262	22280	0.30	37.2
ND_4661417_1_2_3_4	EF071488_1_18098	100.000	20	0	0	44	63	4069	4088	0.077	39.1
BC_1123747_1_2_3_4	AP014336_1_31907	89.286	28	3	0	62	89	29929	29956	0.26	37.2
